50
10
0.25 0.61 0.57 0.20 0.04 0.49 0.22 0.38 0.16 0.17
0.77 0.84 0.65 0.78 0.87 0.90 0.88 0.83 0.80 0.68
10
0.41 0.28 0.24 0.16 0.31 0.10 0.33 0.13 0.19 0.14
0.56 0.52 0.44 0.70 0.73 0.93 0.55 0.80 0.79 0.86
10
0.13 0.17 0.64 0.44 0.61 0.06 0.23 0.20 0.75 0.90
0.67 0.24 0.11 0.87 0.55 0.83 0.05 0.34 0.91 0.93
10
0.030 0.396 0.891 0.822 0.327 0.386 0.287 0.356 0.277 0.188
0.317 0.792 0.594 0.218 0.366 0.950 0.149 0.752 0.079 0.663
10
0.33 0.48 0.75 0.80 0.68 0.03 0.17 0.05 0.45 0.30
0.58 0.90 0.78 0.27 0.55 0.40 0.63 0.50 0.38 0.70
10
0.88 0.86 0.73 0.59 0.63 0.58 0.98 0.78 0.97 0.75
0.47 0.17 0.15 0.07 0.53 0.56 0.24 0.19 0.25 0.22
7
0.33 0.07 0.20 0.40 0.13 0.47 0.27
0.87 0.93 0.73 0.60 0.67 0.53 0.80
10
0.50 0.35 0.08 0.04 0.38 0.30 0.26 0.24 0.28 0.53
0.78 0.74 0.99 0.70 0.62 0.92 0.57 0.58 0.61 0.91
10
0.419 0.267 0.219 0.343 0.076 0.714 0.838 0.914 0.562 0.676
0.438 0.733 0.390 0.029 0.248 0.210 0.695 0.381 0.019 0.667
3
0.6 0.3 0.9
0.4 0.2 0.7
10
0.40 0.48 0.46 0.13 0.02 0.27 0.17 0.37 0.21 0.33
0.77 0.52 0.83 0.94 0.85 0.67 0.71 0.90 0.88 0.92
6
0.20 0.53 0.50 0.08 0.88 0.91
0.68 0.27 0.02 0.32 0.48 0.73
6
0.35 0.28 0.20 0.08 0.23 0.05
0.72 0.98 0.55 0.60 0.66 0.86
10
0.81 0.65 0.99 0.97 0.01 0.19 0.62 0.36 0.05 0.78
0.85 0.06 0.56 0.26 0.93 0.11 0.74 0.68 0.16 0.22
10
0.03 0.65 0.55 0.99 0.04 0.94 0.10 0.16 0.41 0.92
0.01 0.74 0.14 0.76 0.23 0.40 0.67 0.21 0.15 0.61
10
0.078 0.322 0.104 0.409 0.035 0.130 0.400 0.270 0.174 0.330
0.461 0.600 0.861 0.661 0.687 0.887 0.974 0.930 0.678 0.530
10
0.46 0.93 0.71 0.58 0.88 0.78 0.76 0.92 0.59 0.98
0.05 0.44 0.25 0.34 0.20 0.41 0.10 0.14 0.31 0.36
10
0.29 0.87 0.39 0.58 0.76 0.92 0.90 0.18 0.34 0.72
0.14 0.48 0.91 0.16 0.38 0.37 0.85 0.11 0.25 0.22
10
0.250 0.545 0.009 0.179 0.679 0.661 0.384 0.214 0.732 0.607
0.170 0.036 0.321 0.375 0.518 0.205 0.357 0.759 0.446 0.098
10
0.42 0.45 0.82 0.66 0.59 0.64 0.34 0.28 0.01 0.74
0.95 0.86 0.89 0.19 0.55 0.41 0.49 0.68 0.12 0.31
3
0.70 0.93 0.59
0.19 0.85 0.41
7
0.14 0.28 0.56 0.72 0.40 0.98 0.76
0.68 0.86 0.16 0.24 0.78 0.70 0.26
6
0.33 0.28 0.11 0.50 0.06 0.39
0.67 0.89 0.94 0.83 0.61 0.78
4
0.47 0.82 0.71 0.88
0.76 0.59 0.12 0.24
7
0.33 0.07 0.94 0.18 0.41 0.85 0.84
0.70 0.02 0.95 0.90 0.56 0.35 0.93
10
0.96 0.56 0.76 0.58 0.87 0.27 0.78 0.91 0.98 0.24
0.71 0.38 0.89 0.44 0.69 0.13 0.47 0.29 0.04 0.33
1
0.2
0.3
10
0.33 0.55 0.12 0.74 0.32 0.62 0.88 0.91 0.13 0.48
0.20 0.90 0.59 0.72 0.46 0.03 0.61 0.36 0.84 0.78
10
0.08 0.26 0.29 0.23 0.05 0.21 0.14 0.35 0.02 0.24
0.79 0.98 0.44 0.61 0.95 0.52 0.55 0.64 0.48 0.56
10
0.84 0.39 0.77 0.52 0.16 0.81 0.87 0.45 0.32 0.29
0.68 0.23 0.90 0.42 0.03 0.55 0.13 0.10 0.65 0.94
10
0.45 0.46 0.04 0.23 0.22 0.07 0.30 0.10 0.18 0.29
0.61 0.95 0.56 0.66 0.83 0.65 0.58 0.62 0.90 0.57
10
0.167 0.233 0.717 0.625 0.058 0.292 0.342 0.800 0.142 0.650
0.367 0.383 0.633 0.817 0.425 0.833 0.183 0.475 0.125 0.150
10
0.85 0.55 0.94 0.28 0.34 0.49 0.77 0.51 0.19 0.66
0.60 0.26 0.96 0.87 0.11 0.91 0.45 0.13 0.43 0.68
6
0.04 0.89 0.43 0.36 0.64 0.07
0.32 0.79 0.93 0.18 0.82 0.71
7
0.87 0.08 0.19 0.79 0.69 0.50 0.17
0.88 0.56 0.02 0.25 0.60 0.31 0.23
10
0.328 0.345 0.176 0.261 0.471 0.160 0.134 0.034 0.042 0.294
0.992 0.546 0.756 0.697 0.849 0.647 0.731 0.798 0.538 0.882
10
0.73 0.58 0.65 0.99 0.86 0.59 0.78 0.92 0.62 0.82
0.38 0.55 0.03 0.27 0.07 0.36 0.22 0.05 0.47 0.04
1
0.5
0.8
10
0.72 0.05 0.55 0.40 0.22 0.91 0.21 0.84 0.36 0.69
0.16 0.34 0.50 0.67 0.90 0.79 0.48 0.83 0.29 0.53
10
0.752 0.667 0.897 0.829 0.744 0.983 0.769 0.718 0.906 0.932
0.393 0.128 0.085 0.359 0.513 0.009 0.504 0.231 0.650 0.137
10
0.44 0.31 0.22 0.38 0.19 0.34 0.03 0.41 0.16 0.12
0.75 0.59 0.72 0.97 0.88 0.47 0.94 0.69 0.66 0.62
10
0.50 0.70 0.73 0.88 0.43 0.87 0.05 0.53 0.92 0.62
0.55 0.07 0.58 0.45 0.02 0.60 0.67 0.63 0.80 0.85
10
0.87 0.97 0.69 0.59 0.50 0.76 0.65 0.68 0.84 0.43
0.37 0.29 0.04 0.25 0.06 0.16 0.09 0.28 0.22 0.07
10
0.11 0.65 0.59 0.12 0.26 0.85 0.86 0.73 0.39 0.92
0.72 0.79 0.20 0.30 0.25 0.06 0.99 0.05 0.89 0.97
10
0.31 0.83 0.57 0.99 0.65 0.39 0.04 0.45 0.71 0.40
0.55 0.77 0.92 0.23 0.93 0.90 0.73 0.38 0.27 0.63
6
0.60 0.79 0.62 0.06 0.96 0.77
0.43 0.36 0.68 0.55 0.26 0.72
10
0.10 0.78 0.30 0.22 0.53 0.83 0.98 0.63 0.60 0.20
0.45 0.35 0.17 0.93 0.33 0.43 0.88 0.68 0.48 0.55
3
0.78 0.74 0.30
0.26 0.43 0.04
10
0.72 0.92 0.60 0.96 0.64 0.68 0.84 0.56 0.88 0.80
0.48 0.12 0.08 0.04 0.20 0.24 0.32 0.28 0.40 0.36
8
0.32 0.25 0.21 0.39 0.50 0.18 0.07 0.04
0.75 0.96 0.61 0.71 0.57 0.68 0.79 0.86
