2
0
2
1
3
0
3
1
3
00
3
01
3
10
3
11
4
0
4
1
4
00
4
01
4
10
4
11
4
000
4
001
4
010
4
011
4
100
4
101
4
110
4
111
5
0
5
1
5
00
5
01
5
10
5
11
5
000
5
001
5
010
5
011
5
100
5
101
5
110
5
111
5
0000
5
0001
5
0010
5
0011
5
0100
5
0101
5
0110
5
0111
5
1000
5
1001
5
1010
5
1011
5
1100
5
1101
5
1110
5
1111
6
0
6
1
6
00
6
01
6
10
6
11
6
000
6
001
6
010
6
011
6
100
6
101
6
110
6
111
6
0000
6
0001
6
0010
6
0011
6
0100
6
0101
6
0110
6
0111
6
1000
6
1001
6
1010
6
1011
6
1100
6
1101
6
1110
6
1111
6
00000
6
00001
6
00010
6
00011
6
00100
6
00101
6
00110
6
00111
6
01000
6
01001
6
01010
6
01011
6
01100
6
01101
6
01110
6
01111
6
10000
6
10001
6
10010
6
10011
6
10100
6
10101
6
10110
6
10111
6
11000
6
11001
6
11010
6
11011
6
11100
6
11101
6
11110
6
11111
7
0
7
1
7
00
7
01
7
10
7
11
7
000
7
001
7
010
7
011
7
100
7
101
7
110
7
111
7
0000
7
0001
7
0010
7
0011
7
0100
7
0101
7
0110
7
0111
7
1000
7
1001
7
1010
7
1011
7
1100
7
1101
7
1110
7
1111
7
00000
7
00001
7
00010
7
00011
7
00100
7
00101
7
00110
7
00111
7
01000
7
01001
7
01010
7
01011
7
01100
7
01101
7
01110
7
01111
7
10000
7
10001
7
10010
7
10011
7
10100
7
10101
7
10110
7
10111
7
11000
7
11001
7
11010
7
11011
7
11100
7
11101
7
11110
7
11111
7
000000
7
000001
7
000010
7
000011
7
000100
7
000101
7
000110
7
000111
7
001000
7
001001
7
001010
7
001011
7
001100
7
001101
7
001110
7
001111
7
010000
7
010001
7
010010
7
010011
7
010100
7
010101
7
010110
7
010111
7
011000
7
011001
7
011010
7
011011
7
011100
7
011101
7
011110
7
011111
7
100000
7
100001
7
100010
7
100011
7
100100
7
100101
7
100110
7
100111
7
101000
7
101001
7
101010
7
101011
7
101100
7
101101
7
101110
7
101111
7
110000
7
110001
7
110010
7
110011
7
110100
7
110101
7
110110
7
110111
7
111000
7
111001
7
111010
7
111011
7
111100
7
111101
7
111110
7
111111
8
0
8
1
8
00
8
01
8
10
8
11
8
000
8
001
8
010
8
011
8
100
8
101
8
110
8
111
8
0000
8
0001
8
0010
8
0011
8
0100
8
0101
8
0110
8
0111
8
1000
8
1001
8
1010
8
1011
8
1100
8
1101
8
1110
8
1111
8
00000
8
00001
8
00010
8
00011
8
00100
8
00101
8
00110
8
00111
8
01000
8
01001
8
01010
8
01011
8
01100
8
01101
8
01110
8
01111
8
10000
8
10001
8
10010
8
10011
8
10100
8
10101
8
10110
8
10111
8
11000
8
11001
8
11010
8
11011
8
11100
8
11101
8
11110
8
11111
8
000000
8
000001
8
000010
8
000011
8
000100
8
000101
8
000110
8
000111
8
001000
8
001001
8
001010
8
001011
8
001100
8
001101
8
001110
8
001111
8
010000
8
010001
8
010010
8
010011
8
010100
8
010101
8
010110
8
010111
8
011000
8
011001
8
011010
8
011011
8
011100
8
011101
8
011110
8
011111
8
100000
8
100001
8
100010
8
100011
8
100100
8
100101
8
100110
8
100111
8
101000
8
101001
8
101010
8
101011
8
101100
8
101101
8
101110
8
101111
8
110000
8
110001
8
110010
8
110011
8
110100
8
110101
8
110110
8
110111
8
111000
8
111001
8
111010
8
111011
8
111100
8
111101
8
111110
8
111111
8
0000000
8
0000001
8
0000010
8
0000011
8
0000100
8
0000101
8
0000110
8
0000111
8
0001000
8
0001001
8
0001010
8
0001011
8
0001100
8
0001101
8
0001110
8
0001111
8
0010000
8
0010001
8
0010010
8
0010011
8
0010100
8
0010101
8
0010110
8
0010111
8
0011000
8
0011001
8
0011010
8
0011011
8
0011100
8
0011101
8
0011110
8
0011111
8
0100000
8
0100001
8
0100010
8
0100011
8
0100100
8
0100101
8
0100110
8
0100111
8
0101000
8
0101001
8
0101010
8
0101011
8
0101100
8
0101101
8
0101110
8
0101111
8
0110000
8
0110001
8
0110010
8
0110011
8
0110100
8
0110101
8
0110110
8
0110111
8
0111000
8
0111001
8
0111010
8
0111011
8
0111100
8
0111101
8
0111110
8
0111111
8
1000000
8
1000001
8
1000010
8
1000011
8
1000100
8
1000101
8
1000110
8
1000111
8
1001000
8
1001001
8
1001010
8
1001011
8
1001100
8
1001101
8
1001110
8
1001111
8
1010000
8
1010001
8
1010010
8
1010011
8
1010100
8
1010101
8
1010110
8
1010111
8
1011000
8
1011001
8
1011010
8
1011011
8
1011100
8
1011101
8
1011110
8
1011111
8
1100000
8
1100001
8
1100010
8
1100011
8
1100100
8
1100101
8
1100110
8
1100111
8
1101000
8
1101001
8
1101010
8
1101011
8
1101100
8
1101101
8
1101110
8
1101111
8
1110000
8
1110001
8
1110010
8
1110011
8
1110100
8
1110101
8
1110110
8
1110111
8
1111000
8
1111001
8
1111010
8
1111011
8
1111100
8
1111101
8
1111110
8
1111111
9
0
9
1
9
00
9
01
9
10
9
11
9
000
9
001
9
010
9
011
9
100
9
101
9
110
9
111
9
0000
9
0001
9
0010
9
0011
9
0100
9
0101
9
0110
9
0111
9
1000
9
1001
9
1010
9
1011
9
1100
9
1101
9
1110
9
1111
9
00000
9
00001
9
00010
9
00011
9
00100
9
00101
9
00110
9
00111
9
01000
9
01001
9
01010
9
01011
9
01100
9
01101
9
01110
9
01111
9
10000
9
10001
9
10010
9
10011
9
10100
9
10101
9
10110
9
10111
9
11000
9
11001
9
11010
9
11011
9
11100
9
11101
9
11110
9
11111
9
000000
9
000001
9
000010
9
000011
9
000100
9
000101
9
000110
9
000111
9
001000
9
001001
9
001010
9
001011
9
001100
9
001101
9
001110
9
001111
9
010000
9
010001
9
010010
9
010011
9
010100
9
010101
9
010110
9
010111
9
011000
9
011001
9
011010
9
011011
9
011100
9
011101
9
011110
9
011111
9
100000
9
100001
9
100010
9
100011
9
100100
9
100101
9
100110
9
100111
9
101000
9
101001
9
101010
9
101011
9
101100
9
101101
9
101110
9
101111
9
110000
9
110001
9
110010
9
110011
9
110100
9
110101
9
110110
9
110111
9
111000
9
111001
9
111010
9
111011
9
111100
9
111101
9
111110
9
111111
9
0000000
9
0000001
9
0000010
9
0000011
9
0000100
9
0000101
9
0000110
9
0000111
9
0001000
9
0001001
9
0001010
9
0001011
9
0001100
9
0001101
9
0001110
9
0001111
9
0010000
9
0010001
9
0010010
9
0010011
9
0010100
9
0010101
9
0010110
9
0010111
9
0011000
9
0011001
9
0011010
9
0011011
9
0011100
9
0011101
9
0011110
9
0011111
9
0100000
9
0100001
9
0100010
9
0100011
9
0100100
9
0100101
9
0100110
9
0100111
9
0101000
9
0101001
9
0101010
9
0101011
9
0101100
9
0101101
9
0101110
9
0101111
9
0110000
9
0110001
9
0110010
9
0110011
9
0110100
9
0110101
9
0110110
9
0110111
9
0111000
9
0111001
9
0111010
9
0111011
9
0111100
9
0111101
9
0111110
9
0111111
9
1000000
9
1000001
9
1000010
9
1000011
9
1000100
9
1000101
9
1000110
9
1000111
9
1001000
9
1001001
9
1001010
9
1001011
9
1001100
9
1001101
9
1001110
9
1001111
9
1010000
9
1010001
9
1010010
9
1010011
9
1010100
9
1010101
9
1010110
9
1010111
9
1011000
9
1011001
9
1011010
9
1011011
9
1011100
9
1011101
9
1011110
9
1011111
9
1100000
9
1100001
9
1100010
9
1100011
9
1100100
9
1100101
9
1100110
9
1100111
9
1101000
9
1101001
9
1101010
9
1101011
9
1101100
9
1101101
9
1101110
9
1101111
9
1110000
9
1110001
9
1110010
9
1110011
9
1110100
9
1110101
9
1110110
9
1110111
9
1111000
9
1111001
9
1111010
9
1111011
9
1111100
9
1111101
9
1111110
9
1111111
9
00000000
9
00000001
9
00000010
9
00000011
9
00000100
9
00000101
9
00000110
9
00000111
9
00001000
9
00001001
9
00001010
9
00001011
9
00001100
9
00001101
9
00001110
9
00001111
9
00010000
9
00010001
9
00010010
9
00010011
9
00010100
9
00010101
9
00010110
9
00010111
9
00011000
9
00011001
9
00011010
9
00011011
9
00011100
9
00011101
9
00011110
9
00011111
9
00100000
9
00100001
9
00100010
9
00100011
9
00100100
9
00100101
9
00100110
9
00100111
9
00101000
9
00101001
9
00101010
9
00101011
9
00101100
9
00101101
9
00101110
9
00101111
9
00110000
9
00110001
9
00110010
9
00110011
9
00110100
9
00110101
9
00110110
9
00110111
9
00111000
9
00111001
9
00111010
9
00111011
9
00111100
9
00111101
9
00111110
9
00111111
9
01000000
9
01000001
9
01000010
9
01000011
9
01000100
9
01000101
9
01000110
9
01000111
9
01001000
9
01001001
9
01001010
9
01001011
9
01001100
9
01001101
9
01001110
9
01001111
9
01010000
9
01010001
9
01010010
9
01010011
9
01010100
9
01010101
9
01010110
9
01010111
9
01011000
9
01011001
9
01011010
9
01011011
9
01011100
9
01011101
9
01011110
9
01011111
9
01100000
9
01100001
9
01100010
9
01100011
9
01100100
9
01100101
9
01100110
9
01100111
9
01101000
9
01101001
9
01101010
9
01101011
9
01101100
9
01101101
9
01101110
9
01101111
9
01110000
9
01110001
9
01110010
9
01110011
9
01110100
9
01110101
9
01110110
9
01110111
9
01111000
9
01111001
9
01111010
9
01111011
9
01111100
9
01111101
9
01111110
9
01111111
9
10000000
9
10000001
9
10000010
9
10000011
9
10000100
9
10000101
9
10000110
9
10000111
9
10001000
9
10001001
9
10001010
9
10001011
9
10001100
9
10001101
9
10001110
9
10001111
9
10010000
9
10010001
9
10010010
9
10010011
9
10010100
9
10010101
9
10010110
9
10010111
9
10011000
9
10011001
9
10011010
9
10011011
9
10011100
9
10011101
9
10011110
9
10011111
9
10100000
9
10100001
9
10100010
9
10100011
9
10100100
9
10100101
9
10100110
9
10100111
9
10101000
9
10101001
9
10101010
9
10101011
9
10101100
9
10101101
9
10101110
9
10101111
9
10110000
9
10110001
9
10110010
9
10110011
9
10110100
9
10110101
9
10110110
9
10110111
9
10111000
9
10111001
9
10111010
9
10111011
9
10111100
9
10111101
9
10111110
9
10111111
9
11000000
9
11000001
9
11000010
9
11000011
9
11000100
9
11000101
9
11000110
9
11000111
9
11001000
9
11001001
9
11001010
9
11001011
9
11001100
9
11001101
9
11001110
9
11001111
9
11010000
9
11010001
9
11010010
9
11010011
9
11010100
9
11010101
9
11010110
9
11010111
9
11011000
9
11011001
9
11011010
9
11011011
9
11011100
9
11011101
9
11011110
9
11011111
9
11100000
9
11100001
9
11100010
9
11100011
9
11100100
9
11100101
9
11100110
9
11100111
9
11101000
9
11101001
9
11101010
9
11101011
9
11101100
9
11101101
9
11101110
9
11101111
9
11110000
9
11110001
9
11110010
9
11110011
9
11110100
9
11110101
9
11110110
9
11110111
9
11111000
9
11111001
9
11111010
9
11111011
9
11111100
9
11111101
9
11111110
9
11111111
10
0
10
1
10
00
10
01
10
10
10
11
10
000
10
001
10
010
10
011
10
100
10
101
10
110
10
111
10
0000
10
0001
10
0010
10
0011
10
0100
10
0101
10
0110
10
0111
10
1000
10
1001
10
1010
10
1011
10
1100
10
1101
10
1110
10
1111
10
00000
10
00001
10
00010
10
00011
10
00100
10
00101
10
00110
10
00111
10
01000
10
01001
10
01010
10
01011
10
01100
10
01101
10
01110
10
01111
10
10000
10
10001
10
10010
10
10011
10
10100
10
10101
10
10110
10
10111
10
11000
10
11001
10
11010
10
11011
10
11100
10
11101
10
11110
10
11111
10
000000
10
000001
10
000010
10
000011
10
000100
10
000101
10
000110
10
000111
10
001000
10
001001
10
001010
10
001011
10
001100
10
001101
10
001110
10
001111
10
010000
10
010001
10
010010
10
010011
10
010100
10
010101
10
010110
10
010111
10
011000
10
011001
10
011010
10
011011
10
011100
10
011101
10
011110
10
011111
10
100000
10
100001
10
100010
10
100011
10
100100
10
100101
10
100110
10
100111
10
101000
10
101001
10
101010
10
101011
10
101100
10
101101
10
101110
10
101111
10
110000
10
110001
10
110010
10
110011
10
110100
10
110101
10
110110
10
110111
10
111000
10
111001
10
111010
10
111011
10
111100
10
111101
10
111110
10
111111
10
0000000
10
0000001
10
0000010
10
0000011
10
0000100
10
0000101
10
0000110
10
0000111
10
0001000
10
0001001
10
0001010
10
0001011
10
0001100
10
0001101
10
0001110
10
0001111
10
0010000
10
0010001
10
0010010
10
0010011
10
0010100
10
0010101
10
0010110
10
0010111
10
0011000
10
0011001
10
0011010
10
0011011
10
0011100
10
0011101
10
0011110
10
0011111
10
0100000
10
0100001
10
0100010
10
0100011
10
0100100
10
0100101
10
0100110
10
0100111
10
0101000
10
0101001
10
0101010
10
0101011
10
0101100
10
0101101
10
0101110
10
0101111
10
0110000
10
0110001
10
0110010
10
0110011
10
0110100
10
0110101
10
0110110
10
0110111
10
0111000
10
0111001
10
0111010
10
0111011
10
0111100
10
0111101
10
0111110
10
0111111
10
1000000
10
1000001
10
1000010
10
1000011
10
1000100
10
1000101
10
1000110
10
1000111
10
1001000
10
1001001
10
1001010
10
1001011
10
1001100
10
1001101
10
1001110
10
1001111
10
1010000
10
1010001
10
1010010
10
1010011
10
1010100
10
1010101
10
1010110
10
1010111
10
1011000
10
1011001
10
1011010
10
1011011
10
1011100
10
1011101
10
1011110
10
1011111
10
1100000
10
1100001
10
1100010
10
1100011
10
1100100
10
1100101
10
1100110
10
1100111
10
1101000
10
1101001
10
1101010
10
1101011
10
1101100
10
1101101
10
1101110
10
1101111
10
1110000
10
1110001
10
1110010
10
1110011
10
1110100
10
1110101
10
1110110
10
1110111
10
1111000
10
1111001
10
1111010
10
1111011
10
1111100
10
1111101
10
1111110
10
1111111
10
00000000
10
00000001
10
00000010
10
00000011
10
00000100
10
00000101
10
00000110
10
00000111
10
00001000
10
00001001
10
00001010
10
00001011
10
00001100
10
00001101
10
00001110
10
00001111
10
00010000
10
00010001
10
00010010
10
00010011
10
00010100
10
00010101
10
00010110
10
00010111
10
00011000
10
00011001
10
00011010
10
00011011
10
00011100
10
00011101
10
00011110
10
00011111
10
00100000
10
00100001
10
00100010
10
00100011
10
00100100
10
00100101
10
00100110
10
00100111
10
00101000
10
00101001
10
00101010
10
00101011
10
00101100
10
00101101
10
00101110
10
00101111
10
00110000
10
00110001
10
00110010
10
00110011
10
00110100
10
00110101
10
00110110
10
00110111
10
00111000
10
00111001
10
00111010
10
00111011
10
00111100
10
00111101
10
00111110
10
00111111
10
01000000
10
01000001
10
01000010
10
01000011
10
01000100
10
01000101
10
01000110
10
01000111
10
01001000
10
01001001
10
01001010
10
01001011
10
01001100
10
01001101
10
01001110
10
01001111
10
01010000
10
01010001
10
01010010
10
01010011
10
01010100
10
01010101
10
01010110
10
01010111
10
01011000
10
01011001
10
01011010
10
01011011
10
01011100
10
01011101
10
01011110
10
01011111
10
01100000
10
01100001
10
01100010
10
01100011
10
01100100
10
01100101
10
01100110
10
01100111
10
01101000
10
01101001
10
01101010
10
01101011
10
01101100
10
01101101
10
01101110
10
01101111
10
01110000
10
01110001
10
01110010
10
01110011
10
01110100
10
01110101
10
01110110
10
01110111
10
01111000
10
01111001
10
01111010
10
01111011
10
01111100
10
01111101
10
01111110
10
01111111
10
10000000
10
10000001
10
10000010
10
10000011
10
10000100
10
10000101
10
10000110
10
10000111
10
10001000
10
10001001
10
10001010
10
10001011
10
10001100
10
10001101
10
10001110
10
10001111
10
10010000
10
10010001
10
10010010
10
10010011
10
10010100
10
10010101
10
10010110
10
10010111
10
10011000
10
10011001
10
10011010
10
10011011
10
10011100
10
10011101
10
10011110
10
10011111
10
10100000
10
10100001
10
10100010
10
10100011
10
10100100
10
10100101
10
10100110
10
10100111
10
10101000
10
10101001
10
10101010
10
10101011
10
10101100
10
10101101
10
10101110
10
10101111
10
10110000
10
10110001
10
10110010
10
10110011
10
10110100
10
10110101
10
10110110
10
10110111
10
10111000
10
10111001
10
10111010
10
10111011
10
10111100
10
10111101
10
10111110
10
10111111
10
11000000
10
11000001
10
11000010
10
11000011
10
11000100
10
11000101
10
11000110
10
11000111
10
11001000
10
11001001
10
11001010
10
11001011
10
11001100
10
11001101
10
11001110
10
11001111
10
11010000
10
11010001
10
11010010
10
11010011
10
11010100
10
11010101
10
11010110
10
11010111
10
11011000
10
11011001
10
11011010
10
11011011
10
11011100
10
11011101
10
11011110
10
11011111
10
11100000
10
11100001
10
11100010
10
11100011
10
11100100
10
11100101
10
11100110
10
11100111
10
11101000
10
11101001
10
11101010
10
11101011
10
11101100
10
11101101
10
11101110
10
11101111
10
11110000
10
11110001
10
11110010
10
11110011
10
11110100
10
11110101
10
11110110
10
11110111
10
11111000
10
11111001
10
11111010
10
11111011
10
11111100
10
11111101
10
11111110
10
11111111
10
000000000
10
000000001
10
000000010
10
000000011
10
000000100
10
000000101
10
000000110
10
000000111
10
000001000
10
000001001
10
000001010
10
000001011
10
000001100
10
000001101
10
000001110
10
000001111
10
000010000
10
000010001
10
000010010
10
000010011
10
000010100
10
000010101
10
000010110
10
000010111
10
000011000
10
000011001
10
000011010
10
000011011
10
000011100
10
000011101
10
000011110
10
000011111
10
000100000
10
000100001
10
000100010
10
000100011
10
000100100
10
000100101
10
000100110
10
000100111
10
000101000
10
000101001
10
000101010
10
000101011
10
000101100
10
000101101
10
000101110
10
000101111
10
000110000
10
000110001
10
000110010
10
000110011
10
000110100
10
000110101
10
000110110
10
000110111
10
000111000
10
000111001
10
000111010
10
000111011
10
000111100
10
000111101
10
000111110
10
000111111
10
001000000
10
001000001
10
001000010
10
001000011
10
001000100
10
001000101
10
001000110
10
001000111
10
001001000
10
001001001
10
001001010
10
001001011
10
001001100
10
001001101
10
001001110
10
001001111
10
001010000
10
001010001
10
001010010
10
001010011
10
001010100
10
001010101
10
001010110
10
001010111
10
001011000
10
001011001
10
001011010
10
001011011
10
001011100
10
001011101
10
001011110
10
001011111
10
001100000
10
001100001
10
001100010
10
001100011
10
001100100
10
001100101
10
001100110
10
001100111
10
001101000
10
001101001
10
001101010
10
001101011
10
001101100
10
001101101
10
001101110
10
001101111
10
001110000
10
001110001
10
001110010
10
001110011
10
001110100
10
001110101
10
001110110
10
001110111
10
001111000
10
001111001
10
001111010
10
001111011
10
001111100
10
001111101
10
001111110
10
001111111
10
010000000
10
010000001
10
010000010
10
010000011
10
010000100
10
010000101
10
010000110
10
010000111
10
010001000
10
010001001
10
010001010
10
010001011
10
010001100
10
010001101
10
010001110
10
010001111
10
010010000
10
010010001
10
010010010
10
010010011
10
010010100
10
010010101
10
010010110
10
010010111
10
010011000
10
010011001
10
010011010
10
010011011
10
010011100
10
010011101
10
010011110
10
010011111
10
010100000
10
010100001
10
010100010
10
010100011
10
010100100
10
010100101
10
010100110
10
010100111
10
010101000
10
010101001
10
010101010
10
010101011
10
010101100
10
010101101
10
010101110
10
010101111
10
010110000
10
010110001
10
010110010
10
010110011
10
010110100
10
010110101
10
010110110
10
010110111
10
010111000
10
010111001
10
010111010
10
010111011
10
010111100
10
010111101
10
010111110
10
010111111
10
011000000
10
011000001
10
011000010
10
011000011
10
011000100
10
011000101
10
011000110
10
011000111
10
011001000
10
011001001
10
011001010
10
011001011
10
011001100
10
011001101
10
011001110
10
011001111
10
011010000
10
011010001
10
011010010
10
011010011
10
011010100
10
011010101
10
011010110
10
011010111
10
011011000
10
011011001
10
011011010
10
011011011
10
011011100
10
011011101
10
011011110
10
011011111
10
011100000
10
011100001
10
011100010
10
011100011
10
011100100
10
011100101
10
011100110
10
011100111
10
011101000
10
011101001
10
011101010
10
011101011
10
011101100
10
011101101
10
011101110
10
011101111
10
011110000
10
011110001
10
011110010
10
011110011
10
011110100
10
011110101
10
011110110
10
011110111
10
011111000
10
011111001
10
011111010
10
011111011
10
011111100
10
011111101
10
011111110
10
011111111
10
100000000
10
100000001
10
100000010
10
100000011
10
100000100
10
100000101
10
100000110
10
100000111
10
100001000
10
100001001
10
100001010
10
100001011
10
100001100
10
100001101
10
100001110
10
100001111
10
100010000
10
100010001
10
100010010
10
100010011
10
100010100
10
100010101
10
100010110
10
100010111
10
100011000
10
100011001
10
100011010
10
100011011
10
100011100
10
100011101
10
100011110
10
100011111
10
100100000
10
100100001
10
100100010
10
100100011
10
100100100
10
100100101
10
100100110
10
100100111
10
100101000
10
100101001
10
100101010
10
100101011
10
100101100
10
100101101
10
100101110
10
100101111
10
100110000
10
100110001
10
100110010
10
100110011
10
100110100
10
100110101
10
100110110
10
100110111
10
100111000
10
100111001
10
100111010
10
100111011
10
100111100
10
100111101
10
100111110
10
100111111
10
101000000
10
101000001
10
101000010
10
101000011
10
101000100
10
101000101
10
101000110
10
101000111
10
101001000
10
101001001
10
101001010
10
101001011
10
101001100
10
101001101
10
101001110
10
101001111
10
101010000
10
101010001
10
101010010
10
101010011
10
101010100
10
101010101
10
101010110
10
101010111
10
101011000
10
101011001
10
101011010
10
101011011
10
101011100
10
101011101
10
101011110
10
101011111
10
101100000
10
101100001
10
101100010
10
101100011
10
101100100
10
101100101
10
101100110
10
101100111
10
101101000
10
101101001
10
101101010
10
101101011
10
101101100
10
101101101
10
101101110
10
101101111
10
101110000
10
101110001
10
101110010
10
101110011
10
101110100
10
101110101
10
101110110
10
101110111
10
101111000
10
101111001
10
101111010
10
101111011
10
101111100
10
101111101
10
101111110
10
101111111
10
110000000
10
110000001
10
110000010
10
110000011
10
110000100
10
110000101
10
110000110
10
110000111
10
110001000
10
110001001
10
110001010
10
110001011
10
110001100
10
110001101
10
110001110
10
110001111
10
110010000
10
110010001
10
110010010
10
110010011
10
110010100
10
110010101
10
110010110
10
110010111
10
110011000
10
110011001
10
110011010
10
110011011
10
110011100
10
110011101
10
110011110
10
110011111
10
110100000
10
110100001
10
110100010
10
110100011
10
110100100
10
110100101
10
110100110
10
110100111
10
110101000
10
110101001
10
110101010
10
110101011
10
110101100
10
110101101
10
110101110
10
110101111
10
110110000
10
110110001
10
110110010
10
110110011
10
110110100
10
110110101
10
110110110
10
110110111
10
110111000
10
110111001
10
110111010
10
110111011
10
110111100
10
110111101
10
110111110
10
110111111
10
111000000
10
111000001
10
111000010
10
111000011
10
111000100
10
111000101
10
111000110
10
111000111
10
111001000
10
111001001
10
111001010
10
111001011
10
111001100
10
111001101
10
111001110
10
111001111
10
111010000
10
111010001
10
111010010
10
111010011
10
111010100
10
111010101
10
111010110
10
111010111
10
111011000
10
111011001
10
111011010
10
111011011
10
111011100
10
111011101
10
111011110
10
111011111
10
111100000
10
111100001
10
111100010
10
111100011
10
111100100
10
111100101
10
111100110
10
111100111
10
111101000
10
111101001
10
111101010
10
111101011
10
111101100
10
111101101
10
111101110
10
111101111
10
111110000
10
111110001
10
111110010
10
111110011
10
111110100
10
111110101
10
111110110
10
111110111
10
111111000
10
111111001
10
111111010
10
111111011
10
111111100
10
111111101
10
111111110
10
111111111
