100
123.8575 2.78 138.0
491.00470 1.16314 1964.66771
498.69068 3.29506 1914.01314
426.76 1.1 1903.7
10.0 3.0 39.0
160.0 3.0 1972.0
497.65038 1.05314 1988.70103
402.00000 2.00000 804.00000
87.43 2.0 1706.0
490.18423 1.36529 1908.63162
111.41056 2.74881 705.18998
24.658 1.0 674.14486
497.67652 1.12171 1982.18655
89.078 1.9 344.0
173.0 4.0 362.0
394.00000 2.00000 788.00000
91.55740 2.69801 1646.75532
188.87522 1.98617 1435.43996
496.91911 1.24502 1963.02350
497.84675 1.27121 1962.84052
19.0 2.0 172.0
498.70669 1.48027 1944.75734
303.03544 1.54945 460.43974
21.12 3.2572 2000.0
107.0 3.0 311.0
353.86319 3.91345 661.05178
330.0920 1.831 1837.9616
495.40899 1.06407 1915.36333
249.61899 3.14581 643.31666
494.88256 1.11246 1905.31786
490.28395 1.12865 1937.57550
1.000 1.69032 55.5934
370.00000 1.00000 403.00000
215.00000 2.00000 430.00000
1.04210 3.23567 1999.89287
495.92383 1.47056 1995.15286
497.97649 1.20745 1963.95887
93.65238 2.3983 1048.860
497.96500 1.30208 1970.29263
377.46700 2.45708 295.62894
94.41584 2.95248 878.45337
496.14923 1.28541 1963.72877
199.34486 3.57284 1955.02322
166.0 3.24335 788.707
450.83606 3.67095 940.94144
413.272 1.11 51.16
491.57235 1.32053 1926.88928
283.00000 2.00000 297.00000
255.46763 3.08257 1325.46589
5.54239 2.87819 766.75351
495.28766 1.16596 1952.62487
387.51 1.3 1316.24
375.05474 1.26043 1697.67582
154.5812 1.0 414.38
156.0 2.0 202.0
491.55510 1.04098 1993.87214
494.95141 1.05620 1958.98715
413.38854 1.88883 1496.40279
24.398 3.0 144.61619
133.0 3.0 1284.0
331.00000 4.00000 359.00000
270.07188 2.49710 694.41636
24.9325 3.68592 641.80
495.55004 1.40840 1914.70589
497.18045 1.03480 1970.19595
443.0 3.0 1271.0
492.45362 1.32075 1999.57806
495.54533 1.07895 1920.57999
358.0 1.0 1886.0
147.00000 2.00000 294.00000
1.35513 3.76544 3.58039
199.0 1.000 1389.3772
491.80748 1.32095 1900.34075
478.39887 4.00 1057.71
1.06706 3.78886 1999.55730
493.31359 1.32913 1968.37758
496.41781 1.49561 1933.64259
1.09576 3.41466 1999.68871
486.57787 2.05475 1642.37666
496.41227 1.07198 1905.40603
494.98131 1.10154 1940.63874
500.0 2.28885 983.0
496.31758 1.17067 1936.61140
427.00000 1.00000 439.00000
490.58561 1.11215 1933.19504
493.79423 1.29905 1925.21269
235.0 2.0 1469.0
491.75233 1.29114 1928.14586
1.08097 3.64838 1999.28558
496.31406 1.10903 1938.32589
411.0 1.0 537.0
496.97148 1.25351 1991.35897
59.61321 1.01237 547.56782
226.0 1.0 256.0
98.66439 1.64373 839.49462
471.0 3.0 1768.0
287.9150 1.297 1.0
490.00865 1.34935 1944.33062
492.55255 1.34322 1927.51921
7.68467 3.62027 395.07099
