1 1 100
2
1
 
2 10 100
1 1
1 1
 
3 2147483647 12345
12345678 0 12345
1 2 3

3 4 12345
12345678 0 12345
1 2 3

6 345345 443
999999 12443434 3214234 34535 456456 21424
7676 435 34 78 34 23

10 4468895 231123
9999 122344 321743 3412 12156 223424 23345555 76  222   12213
7676 435 34 78 34 23 456 8979 2323 2345

18 412455 2334523
9999   999999 12443434 3214234 34535 456456 21424 122344 321743 3412 12156 223424 23345555 76  222   12213 234  666
7676 435 34 78 34 23 7676 435 34 78 34 23 456 8979 2323 2345  23445 6666

1 3455 100007
17
23
 
0 0 0
