50
3 100
52 75 10
88 13 44
56 9 5
2 920368
950 950 1
943 976 1
1 100
1 1 1000
30 63
949 30 448
516 54 492
762 720 855
78 678 474
263 96 845
85 876 242
321 144 889
525 948 653
261 504 883
693 224 746
246 38 388
603 863 126
654 939 636
961 376 556
731 199 692
75 337 113
63 320 878
417 647 208
617 609 738
144 748 388
789 106 259
409 518 452
719 359 119
739 73 458
552 727 581
298 663 136
221 268 774
118 670 906
153 790 244
902 242 224
40 911
669 515 917
724 958 223
606 372 537
566 320 654
668 68 332
298 689 964
731 726 299
22 798 558
287 642 291
152 272 535
731 866 987
5 985 763
793 451 429
754 50 246
142 711 326
863 295 860
518 912 672
224 578 779
917 872 836
542 987 594
914 358 359
479 617 959
441 76 156
646 509 30
716 276 634
791 442 7
99 233 79
942 68 30
540 792 703
82 478 482
979 902 785
564 590 713
861 374 873
316 14 692
954 603 381
835 735 779
716 783 470
549 439 291
561 917 574
363 655 495
50 2008
129 590 23
160 675 876
491 394 461
318 351 233
873 471 444
815 703 1
127 353 946
906 114 394
249 478 721
547 103 786
827 20 944
873 858 51
936 895 417
795 449 770
89 729 936
97 127 848
325 925 390
644 254 524
293 787 975
156 645 896
247 772 458
585 538 478
35 880 783
1 159 6
453 212 781
787 639 820
752 227 393
686 765 18
917 824 563
616 463 9
142 352 937
913 904 754
819 171 189
1000 619 712
161 830 358
37 816 818
576 796 537
987 125 472
336 911 52
41 975 628
21 64 728
768 527 653
385 819 280
524 869 322
442 381 787
255 694 523
357 299 368
108 535 150
663 63 378
694 39 613
60 8391
171 77 581
894 155 870
499 498 33
477 899 350
407 527 615
17 821 124
697 529 722
556 362 63
807 99 912
616 187 763
630 288 889
612 341 901
654 923 448
390 278 356
918 78 150
429 169 1000
100 41 723
672 978 662
152 732 2
84 262 478
523 242 705
159 554 390
579 257 308
376 624 336
503 907 504
71 633 882
230 211 40
67 805 566
800 675 331
18 243 614
413 823 890
480 473 947
858 461 779
485 346 730
71 118 641
582 525 197
508 408 603
934 365 958
308 726 759
287 614 21
565 502 657
968 627 131
508 202 581
176 705 230
395 573 353
556 990 520
554 821 972
76 620 181
615 765 339
597 84 438
743 57 470
911 671 308
907 726 924
678 479 640
218 352 556
540 545 844
147 309 34
555 308 546
732 988 282
812 255 182
70 1055
491 576 611
465 637 746
705 469 541
398 773 844
155 345 246
225 765 316
939 989 546
457 795 513
623 409 560
306 752 218
38 461 68
334 301 834
917 535 984
182 211 470
954 376 157
66 269 13
131 878 94
254 170 892
416 359 565
709 379 779
972 794 57
11 228 884
157 901 347
464 576 713
37 255 537
487 552 890
384 604 721
266 960 132
418 37 87
369 720 997
467 9 364
538 850 14
886 880 774
334 553 483
19 323 984
207 166 621
851 436 101
283 485 70
269 553 381
874 907 643
582 389 419
736 517 159
446 602 880
12 668 185
982 771 718
527 182 632
766 190 567
980 501 46
625 372 545
267 999 79
554 3 146
448 71 468
83 308 9
260 908 805
107 26 667
77 812 66
316 687 180
287 610 134
159 104 378
385 688 196
605 846 101
810 231 859
707 858 864
365 390 87
367 711 247
710 478 612
291 855 214
407 707 362
872 7 677
14 644 57
80 268
226 138 77
467 286 347
939 595 604
379 558 594
728 877 222
749 391 402
204 164 299
672 806 33
684 332 978
988 267 171
719 792 48
434 615 710
683 32 697
12 47 597
484 481 307
346 213 583
362 948 969
758 658 190
894 273 353
314 123 168
268 243 65
17 897 722
257 603 708
692 468 352
991 292 610
382 379 562
250 139 555
479 760 483
407 532 180
320 446 662
255 300 476
160 697 309
523 134 406
637 222 441
543 453 457
27 420 846
836 193 359
404 558 536
891 840 542
845 500 400
181 774 681
973 824 982
124 880 817
1 850 369
900 204 781
390 423 455
302 757 587
851 176 798
488 626 73
312 820 71
561 6 644
139 565 118
763 953 973
630 623 239
889 259 859
585 67 559
447 147 133
230 132 323
859 198 539
241 835 672
589 149 473
503 453 99
951 372 474
708 594 364
897 276 231
310 23 876
900 293 915
788 436 478
506 167 66
30 340 978
351 884 428
514 686 342
525 753 516
947 168 645
693 156 2
125 537 744
746 193 22
162 641 605
703 505 937
705 362 844
90 1931
248 864 527
510 43 333
311 377 490
799 262 330
774 491 884
472 294 82
522 411 988
931 652 627
402 531 770
815 854 335
131 225 504
690 711 62
692 570 206
331 265 276
90 980 613
728 143 366
490 479 507
748 560 144
741 823 240
379 982 309
355 837 862
500 517 354
501 185 881
144 552 513
202 631 515
760 164 127
33 632 757
403 925 193
539 473 691
159 418 387
913 962 362
591 211 678
411 234 256
434 223 68
135 798 594
797 645 589
272 14 278
770 331 378
412 271 543
618 89 521
293 759 638
87 264 515
110 569 47
481 410 518
287 771 905
845 517 433
547 405 69
847 970 144
297 32 558
58 690 78
860 295 804
20 154 35
97 275 345
259 805 768
167 632 184
166 904 92
661 656 937
557 103 447
297 950 371
353 293 85
462 859 830
615 947 77
360 151 537
43 258 926
591 101 653
629 413 916
514 822 209
948 93 752
602 193 784
424 708 602
621 748 184
307 444 772
551 806 181
826 844 433
859 248 323
459 366 992
178 599 971
550 194 283
105 290 361
859 34 282
856 94 788
29 156 803
611 914 475
148 645 70
29 255 666
52 741 950
934 590 978
21 765 842
342 240 65
864 250 175
100 1012
120 196 234
948 305 94
62 878 492
748 130 452
935 386 187
898 605 808
754 395 179
123 672 989
381 152 688
3 638 800
386 319 47
339 360 577
598 122 457
97 472 309
884 261 122
717 607 687
937 520 164
247 850 703
660 80 179
269 54 689
839 358 960
690 609 89
254 625 32
532 953 824
881 987 406
245 659 804
567 358 659
226 767 94
711 195 407
969 983 416
918 199 392
145 917 745
915 179 104
102 482 744
480 335 347
192 661 231
885 161 361
65 414 537
544 469 679
523 27 707
287 950 788
587 4 702
908 366 513
860 128 180
265 569 618
715 514 443
612 112 212
625 623 158
832 809 289
776 982 451
429 668 70
570 901 175
352 591 42
503 576 681
908 320 81
197 845 927
146 949 63
972 669 993
446 952 452
863 952 883
239 495 153
752 848 776
444 151 904
905 387 543
674 709 591
142 516 14
971 366 351
628 75 407
388 835 970
411 806 862
352 369 310
939 107 337
513 765 381
433 358 616
163 858 564
477 933 202
753 562 489
510 901 52
130 396 228
611 279 299
770 307 462
887 144 539
510 837 661
308 716 639
673 840 149
436 379 60
515 695 770
915 179 930
840 888 882
16 826 311
480 812 124
313 773 417
673 91 792
526 992 202
934 173 883
781 135 921
953 542 772
66 219 902
621 167 500
156 111 222
100 1209
794 90 994
791 61 817
338 596 166
467 202 158
34 118 528
792 402 155
910 971 728
164 7 393
511 786 743
325 565 795
603 974 312
657 42 473
994 478 399
750 714 195
652 315 296
488 932 181
781 142 949
654 293 680
193 40 906
479 24 271
606 348 611
212 620 873
967 901 260
457 795 234
993 6 304
67 577 897
37 694 960
475 628 852
481 178 469
259 507 40
748 382 491
182 169 944
28 741 276
471 832 581
259 365 617
158 986 595
688 756 430
6 121 56
534 43 241
904 934 726
678 769 537
406 441 859
298 413 794
883 311 572
49 158 739
387 812 360
975 805 578
389 300 41
786 55 303
614 441 62
497 238 254
613 114 939
924 105 226
944 299 725
708 526 547
232 551 710
311 88 98
390 290 224
979 45 992
5 483 328
155 334 258
103 961 354
571 610 374
283 404 196
860 760 517
626 315 232
178 453 54
906 310 370
132 354 118
51 88 622
783 863 110
638 597 444
145 570 353
845 446 85
477 310 591
519 48 36
669 521 81
370 869 369
961 302 117
822 266 401
68 797 837
109 595 409
685 2 812
754 446 49
621 396 41
538 345 912
63 8 579
991 151 977
152 915 950
452 144 152
610 707 969
383 123 480
248 68 631
196 972 205
888 810 249
11 115 467
990 445 56
26 404 151
937 663 451
162 930 401
100 986
437 235 212
554 609 924
163 249 890
302 687 238
17 658 885
109 534 296
213 337 699
174 574 313
420 163 800
529 387 327
906 590 719
81 257 173
116 92 26
136 775 119
494 846 840
408 212 46
73 732 373
896 334 573
985 536 162
313 791 688
41 18 297
161 997 584
246 573 695
735 824 588
295 822 726
752 447 638
581 727 577
370 591 622
401 833 925
597 166 806
64 674 921
344 683 693
400 555 845
981 629 826
763 566 934
686 754 680
186 720 98
525 505 735
774 550 490
279 967 362
730 998 704
333 32 940
685 65 814
334 749 219
497 383 358
84 201 828
295 130 300
706 777 115
902 679 742
726 227 177
20 502 388
71 787 67
616 338 433
70 858 463
888 777 728
100 597 634
635 68 809
986 610 113
516 253 42
493 61 8
561 845 558
522 528 387
484 817 309
382 293 394
304 696 226
581 822 484
108 986 97
362 227 844
577 304 313
32 891 870
60 177 751
926 947 444
872 743 392
371 573 229
955 25 732
654 528 121
510 923 271
555 838 497
817 531 738
739 402 143
132 814 346
974 83 224
445 408 586
438 274 429
58 105 201
758 43 812
350 922 238
141 746 118
910 525 376
997 356 118
981 975 954
48 840 377
103 303 306
689 105 589
863 595 625
360 330 573
672 367 247
380 448 870
129 281 357
236 444 204
100 2834
557 676 179
519 673 909
415 120 920
612 115 481
208 242 993
462 396 369
155 959 555
671 171 969
859 840 72
687 768 608
525 711 492
725 719 321
20 779 380
226 589 153
706 159 578
640 347 557
475 196 507
221 547 379
443 260 150
435 790 297
29 536 604
56 784 11
520 740 519
334 515 336
452 739 436
374 344 989
277 273 49
430 26 677
988 711 336
167 645 38
831 246 497
985 366 457
28 514 114
834 291 619
650 296 568
560 674 2
302 651 226
111 88 651
595 971 458
254 765 828
931 13 575
915 166 887
437 61 123
453 943 473
415 189 764
812 213 570
522 72 439
273 144 331
877 334 378
420 40 733
56 688 156
404 548 138
888 525 125
650 515 66
501 564 781
937 260 697
959 383 7
851 552 441
553 985 925
109 932 626
467 295 611
479 116 799
823 633 509
384 460 266
928 612 824
511 690 635
191 587 994
434 518 895
941 711 378
421 394 379
420 291 847
713 308 781
920 131 934
308 790 323
77 514 12
607 227 831
161 614 818
21 283 295
218 248 681
616 639 714
770 324 150
35 783 222
925 429 146
194 612 509
682 891 172
933 956 807
402 287 384
630 767 356
21 81 639
211 89 920
476 389 576
620 455 652
192 403 723
388 8 697
566 642 187
19 708 761
5 8 641
891 528 976
603 572 875
134 442 3
100 180
210 989 842
89 775 651
964 526 979
690 654 61
789 615 590
518 632 579
824 474 134
886 368 832
368 626 433
59 201 279
124 4 387
942 700 231
481 340 814
324 547 118
15 29 56
100 157 391
158 131 287
551 716 138
537 970 617
560 783 816
358 8 794
966 894 691
817 96 806
41 71 767
870 795 450
716 7 591
556 825 192
945 122 368
89 707 162
291 600 937
729 871 265
19 482 741
143 440 675
886 586 611
2 387 345
637 557 382
23 47 318
977 178 217
725 673 486
276 607 526
952 257 597
234 214 196
527 699 572
200 263 855
249 488 907
947 256 991
370 320 194
445 495 714
129 503 259
126 104 282
533 936 6
195 132 143
569 158 206
853 110 81
105 518 247
4 870 540
86 863 989
77 230 576
100 746 248
127 609 676
715 936 767
765 157 405
709 648 830
333 761 47
68 797 180
471 680 281
543 682 863
456 772 232
837 305 719
83 693 373
187 486 51
795 385 128
882 433 315
227 313 598
654 732 943
50 838 190
472 518 995
328 376 677
970 47 45
702 78 297
81 269 165
368 764 29
727 622 16
405 481 451
694 268 296
985 190 362
689 8 219
412 165 651
661 867 530
973 184 994
421 521 370
43 858 582
546 893 750
419 444 875
284 436 409
492 484 233
907 306 458
439 517 761
810 326 65
303 401 615
100 357
914 134 351
884 762 184
492 657 829
369 210 217
280 296 131
30 401 429
41 298 486
925 265 963
961 221 286
937 683 698
495 475 993
663 623 130
464 25 70
390 889 197
104 44 968
73 306 793
959 247 845
192 146 285
89 943 375
970 575 184
636 563 923
147 948 547
852 761 407
746 481 979
741 28 425
137 287 650
519 806 979
62 41 136
186 439 467
902 503 837
781 107 206
102 365 903
846 455 658
36 412 950
103 637 630
148 704 187
329 464 477
1 368 959
544 911 322
751 867 469
70 466 163
157 61 504
811 27 179
934 927 488
380 571 470
865 224 792
226 14 898
391 896 471
307 324 886
41 541 681
270 998 319
798 358 267
980 885 864
258 424 972
173 664 353
387 921 809
877 5 579
975 190 99
428 306 711
988 433 1
185 409 990
206 470 172
129 808 713
585 545 922
280 869 297
737 136 507
60 147 379
669 534 42
824 576 709
951 808 968
187 428 416
514 865 402
328 81 345
417 631 863
696 422 624
805 726 654
677 55 116
601 702 398
400 362 814
377 720 523
763 798 777
389 576 537
10 452 568
423 466 449
417 157 99
378 731 945
113 620 412
522 267 40
345 948 517
180 66 587
207 752 411
865 566 232
443 874 813
466 67 412
680 301 485
197 964 482
157 12 14
246 448 442
935 861 336
489 888 659
100 313
498 424 323
45 845 407
611 438 681
574 742 852
388 310 65
69 876 417
882 299 923
8 145 471
905 810 707
768 355 126
123 576 818
982 593 548
119 408 39
213 521 785
198 208 577
96 48 590
677 245 46
608 129 436
193 4 164
370 69 692
637 347 962
265 134 781
460 396 257
692 915 644
320 635 413
937 177 412
870 452 853
580 985 785
610 294 233
522 78 130
113 257 76
154 481 721
259 777 218
954 90 344
416 623 760
463 982 654
503 164 536
107 225 498
241 217 450
97 693 630
941 806 249
146 579 984
543 756 237
399 253 169
315 416 701
730 694 200
775 408 687
45 378 503
258 124 58
620 189 482
755 789 795
555 179 499
846 888 30
478 64 153
915 790 34
231 91 409
125 692 562
238 742 354
567 556 943
21 854 351
224 845 372
49 133 355
274 121 273
328 154 203
296 253 750
868 194 162
801 839 539
662 669 329
295 520 19
894 475 144
522 438 926
125 910 807
255 548 945
480 200 458
656 423 256
470 204 375
359 701 761
554 170 379
347 639 326
843 996 680
793 659 146
115 756 391
277 99 780
497 190 106
256 962 427
357 669 840
632 572 213
131 335 340
791 669 408
371 759 750
147 768 286
385 546 548
964 455 852
913 530 294
764 13 580
549 88 395
467 135 773
430 273 17
976 299 382
466 104 258
100 7
758 431 520
230 167 414
701 68 288
496 509 723
591 407 117
905 823 819
763 262 463
193 810 222
995 224 593
906 332 742
983 393 647
833 262 212
871 50 633
264 935 588
882 324 120
179 309 809
636 775 610
881 709 47
987 977 860
594 539 496
537 848 15
874 452 896
452 942 775
155 116 482
760 981 758
521 934 548
73 426 55
832 501 34
915 483 694
668 129 922
93 221 220
689 101 308
562 285 303
518 817 219
451 872 190
318 20 997
611 645 509
432 812 27
910 387 863
240 102 541
190 429 139
778 330 717
581 197 981
407 787 17
75 975 769
213 910 284
263 285 853
164 495 485
481 28 10
609 828 996
671 991 814
647 713 206
853 80 196
240 104 528
12 371 736
36 242 629
84 330 788
965 503 588
840 255 608
430 989 343
182 922 294
407 726 827
619 28 266
566 821 330
552 292 934
911 476 292
611 717 787
149 472 537
125 953 758
129 46 478
363 795 289
158 894 392
825 398 613
711 54 803
701 677 216
288 381 970
284 620 24
728 64 49
373 901 380
239 972 623
590 511 471
23 890 668
435 606 469
955 290 572
92 187 847
423 774 55
173 33 794
473 955 762
302 889 520
804 766 403
615 534 701
6 263 128
963 80 682
637 107 951
768 927 624
178 991 620
356 558 737
645 372 589
570 128 419
161 781 547
100 9427
631 938 25
999 214 726
738 10 262
662 730 114
733 713 747
174 620 522
638 278 633
991 237 701
246 737 652
824 94 856
6 511 240
218 52 23
60 439 920
882 106 476
952 300 58
3 565 274
726 987 715
393 659 657
747 9 918
19 52 796
140 228 857
926 850 137
244 882 155
943 511 495
528 87 867
750 9 360
826 369 194
455 270 145
857 741 293
380 131 564
124 329 782
663 232 377
441 814 947
924 424 763
220 93 972
476 703 940
911 341 948
125 421 497
604 434 862
253 573 826
424 489 526
340 489 772
870 556 505
611 199 609
678 245 88
392 946 238
209 689 719
6 263 796
419 621 719
407 54 390
791 503 264
749 744 760
984 422 944
76 911 356
452 796 378
578 386 573
6 657 820
993 222 159
1 409 528
160 229 485
391 260 433
40 505 805
341 330 904
571 82 979
565 221 812
417 768 638
612 799 68
2 460 394
424 404 156
528 857 181
90 591 282
59 141 360
358 828 634
414 772 397
231 47 960
315 325 454
419 293 876
401 169 404
950 350 216
121 229 141
88 857 8
42 518 151
456 267 802
646 474 144
529 585 501
827 293 866
426 109 335
131 332 17
255 76 509
786 106 257
608 949 74
983 629 698
396 948 62
61 107 584
337 715 266
723 542 51
574 412 904
938 57 532
400 555 779
237 349 529
100 191
802 536 58
276 124 260
291 739 693
131 546 4
93 171 420
52 367 431
187 912 128
794 475 661
627 694 817
617 491 827
400 831 718
715 858 744
850 857 32
220 992 290
790 809 226
716 478 186
185 164 671
304 959 372
97 366 198
776 848 30
619 273 531
57 747 611
408 956 552
609 270 990
591 873 38
789 546 305
198 785 341
464 979 368
199 26 811
209 863 819
877 524 296
205 757 958
835 461 304
834 207 127
832 35 24
602 132 54
289 709 512
740 607 617
380 358 467
281 563 137
803 555 203
241 567 635
596 329 675
685 710 976
862 239 843
351 925 505
574 463 556
469 911 824
658 385 765
812 528 755
174 539 775
476 518 479
499 629 753
439 631 526
918 768 302
334 43 215
491 452 607
524 750 44
408 297 860
477 978 80
465 463 752
714 61 866
170 435 928
921 59 795
659 37 725
544 829 63
635 791 502
245 475 961
812 966 935
122 7 336
703 245 803
206 364 835
666 488 619
394 571 298
148 802 619
6 278 499
246 542 176
954 610 361
415 802 289
111 319 95
841 536 72
454 225 910
15 329 386
107 21 590
519 324 640
759 99 285
740 940 294
207 990 340
883 60 573
715 849 675
221 709 52
495 17 473
480 938 61
513 641 719
229 293 273
212 189 215
407 638 301
489 64 575
89 74 445
138 795 344
100 979
511 109 96
949 746 343
817 106 566
225 702 611
559 46 330
228 893 477
437 834 356
364 125 209
9 268 16
612 887 908
893 212 518
970 947 896
525 597 577
590 983 928
517 3 713
603 760 981
779 572 406
90 157 198
315 372 225
483 225 587
382 3 119
55 157 825
571 833 964
606 775 869
735 693 609
15 367 810
885 918 483
288 630 649
250 581 625
413 323 684
114 304 996
631 624 933
254 678 275
220 666 280
46 93 469
629 343 217
910 47 876
982 520 891
551 685 994
687 770 25
852 457 814
822 589 89
101 371 287
916 72 693
12 495 858
730 698 580
899 511 617
44 80 766
974 881 768
744 952 774
266 267 343
134 66 760
796 766 170
923 12 96
581 456 14
877 767 863
636 406 920
427 646 366
79 388 497
64 315 231
703 712 637
199 528 769
433 163 831
747 387 76
751 878 847
608 252 399
553 200 590
990 938 906
95 666 116
44 862 385
765 822 252
664 639 194
84 156 800
227 80 346
685 335 614
49 889 99
545 386 931
858 876 265
102 536 953
595 283 793
256 667 857
921 587 603
324 48 462
83 322 164
924 977 922
875 492 646
688 315 170
625 371 24
194 610 864
858 944 141
375 167 187
448 475 388
192 43 544
548 378 979
476 986 591
995 391 313
989 865 791
766 755 784
260 638 277
382 83 665
100 310
972 966 115
667 189 512
267 246 197
111 10 260
192 506 369
44 709 321
527 654 717
115 710 424
155 234 489
648 873 92
956 484 92
979 64 5
830 780 10
706 294 693
270 537 558
670 141 448
185 682 232
266 423 960
624 269 774
673 956 896
470 358 54
913 81 2
83 748 182
218 348 88
185 662 645
940 544 191
442 367 572
536 313 597
66 457 744
309 37 894
892 815 474
390 971 867
424 527 398
253 74 223
495 652 602
30 939 761
555 639 675
893 403 13
741 60 411
810 682 301
693 99 908
67 705 959
878 566 420
94 904 34
397 958 565
994 757 41
67 253 995
83 206 862
817 503 649
233 798 504
402 921 273
845 913 351
415 326 941
902 409 419
355 873 445
212 163 869
294 851 249
739 139 974
421 237 530
232 712 42
847 543 988
93 845 264
238 448 159
598 498 998
355 610 219
165 947 532
654 946 826
104 649 279
640 844 838
48 554 870
22 403 185
418 884 101
669 984 719
17 933 164
298 587 446
423 740 619
254 835 16
325 283 4
584 229 853
338 347 728
477 651 752
406 801 869
389 196 821
625 721 670
311 427 394
521 110 902
595 142 136
13 22 338
743 340 938
874 320 348
137 20 736
989 249 793
490 558 349
231 609 584
463 915 431
672 548 523
160 227 708
650 678 237
828 820 121
186 34 729
100 705
5 588 31
797 495 94
607 153 582
670 786 366
95 589 93
417 7 773
599 14 371
769 731 739
39 534 665
45 27 532
86 866 610
544 332 338
652 474 141
834 564 925
489 734 179
448 815 227
307 801 159
38 776 513
510 964 960
327 195 79
908 669 934
338 414 913
208 738 794
577 654 145
569 783 719
927 681 444
933 623 184
203 384 547
847 445 197
549 860 669
6 52 71
464 540 967
158 587 191
809 316 896
326 193 364
278 633 532
723 619 139
9 195 985
782 465 700
819 255 370
798 987 856
270 673 497
284 276 237
41 437 787
717 306 673
246 38 751
667 585 206
556 894 263
592 638 332
469 540 526
237 646 338
540 899 435
815 21 858
55 200 17
869 428 715
3 747 846
670 438 729
194 591 144
297 11 442
205 888 369
777 987 197
245 957 262
925 902 179
919 547 233
354 117 164
849 289 864
377 947 414
78 815 484
960 141 880
913 406 516
508 43 944
742 178 357
635 467 343
291 811 484
634 401 112
435 670 229
451 421 838
34 274 309
944 682 615
727 88 742
583 773 349
837 238 497
912 744 439
264 176 334
201 447 187
769 798 261
239 203 189
797 159 390
199 238 649
935 646 304
340 406 610
317 78 637
261 586 852
947 574 521
147 179 107
181 731 662
135 8 571
177 243 20
23 692 313
212 22 809
100 352
719 432 237
474 97 309
294 699 765
160 137 675
418 659 991
323 41 180
347 607 624
949 323 353
647 674 984
531 549 891
675 561 133
448 54 636
843 148 829
482 180 155
975 203 687
53 429 191
399 316 205
35 514 10
683 987 945
52 637 89
915 443 377
587 904 785
662 867 184
824 236 648
686 366 289
729 364 573
56 114 300
95 832 191
303 30 894
541 910 817
976 272 380
867 440 663
708 94 897
396 291 669
417 927 148
95 290 450
469 375 702
807 619 103
887 574 174
357 193 427
139 494 717
108 58 15
194 104 843
43 386 418
762 935 526
845 36 361
207 169 845
302 210 508
680 194 359
413 274 770
575 521 659
374 479 448
18 155 805
633 428 181
694 506 904
209 465 916
186 344 916
987 578 535
313 612 544
795 148 47
695 171 876
499 251 430
171 129 952
971 324 600
776 191 120
847 145 128
69 338 785
392 988 684
622 822 797
571 750 991
953 776 240
602 76 53
910 632 573
754 344 834
827 712 197
29 701 438
384 928 86
74 61 294
980 823 367
527 780 628
215 505 667
334 811 548
395 420 40
282 664 23
294 677 934
525 735 267
105 771 986
589 929 447
667 341 840
832 295 261
328 757 46
469 110 634
226 676 445
602 718 800
449 574 765
952 761 987
281 910 136
865 12 578
600 823 174
138 963 692
100 608
630 615 729
864 79 229
451 146 152
471 852 52
932 468 9
619 263 721
845 383 657
77 628 976
837 65 85
322 607 258
191 391 372
884 444 392
164 109 250
359 282 332
846 836 796
748 260 474
661 880 705
902 272 533
801 723 8
606 629 972
450 560 716
927 748 300
802 794 695
906 126 702
791 776 229
548 315 614
972 304 800
580 354 305
120 683 44
305 799 685
379 751 447
115 224 15
729 201 15
931 564 719
481 345 946
87 571 928
789 525 324
559 802 16
388 628 803
628 256 622
872 618 202
632 152 701
726 491 249
1000 815 174
599 153 343
772 329 965
37 363 231
663 825 492
47 616 347
260 552 924
634 942 277
863 816 922
739 122 898
998 326 78
270 384 661
516 365 661
974 318 944
993 516 5
246 732 861
201 315 852
480 838 309
421 428 193
624 58 155
991 746 846
125 966 568
36 289 707
927 319 566
807 22 247
544 566 472
921 574 173
160 649 305
40 486 334
487 653 342
699 444 688
143 190 186
348 985 734
527 931 280
862 133 242
933 464 400
540 843 264
440 737 815
294 45 187
288 831 66
157 726 681
851 505 88
793 416 828
413 891 76
263 908 5
199 333 239
65 630 76
522 724 621
74 970 352
363 478 440
746 459 887
676 977 843
205 230 780
541 866 200
774 803 693
408 650 903
931 466 508
100 256
370 842 891
329 315 222
10 348 387
969 829 172
910 388 990
48 993 360
244 787 59
239 908 976
902 400 207
762 144 432
800 402 673
134 680 42
184 799 256
486 606 504
82 298 119
882 789 926
432 408 547
975 601 196
672 575 993
311 353 748
488 615 839
230 166 834
575 210 549
401 719 236
645 521 518
241 116 394
152 410 15
386 206 68
210 476 646
621 832 378
708 417 440
674 333 874
148 315 243
350 471 257
682 618 154
550 269 165
642 921 614
407 906 867
281 664 41
307 875 453
456 980 828
893 658 284
302 481 264
269 281 442
328 473 637
125 33 694
627 265 190
201 665 385
517 446 512
477 490 94
523 915 693
433 941 419
92 155 975
72 118 483
910 778 686
958 733 448
856 555 36
354 859 631
253 933 259
680 390 48
865 487 560
84 834 879
51 656 345
218 164 882
33 986 220
345 532 453
278 15 65
833 492 620
109 727 854
822 481 317
385 277 475
483 608 66
532 623 266
432 501 652
255 715 967
285 488 604
662 792 82
46 256 173
175 699 528
222 369 272
338 168 804
712 234 183
823 532 150
120 198 463
636 919 815
407 393 977
742 279 792
620 512 530
475 835 376
923 128 894
706 608 35
982 402 60
564 981 568
771 877 508
866 120 603
550 557 2
702 42 578
230 406 870
721 606 940
806 605 231
100 676
612 188 760
408 194 152
710 876 75
431 677 757
439 524 704
444 77 935
521 784 98
456 469 388
280 547 871
87 851 984
204 768 533
539 222 932
144 475 698
166 579 449
717 481 470
374 931 789
776 153 71
908 688 668
143 983 504
402 495 506
349 647 462
544 563 859
198 204 358
797 628 198
187 305 823
174 84 453
517 113 955
326 329 381
414 953 129
298 840 56
916 718 257
308 185 653
155 953 498
124 933 635
743 32 973
275 407 680
526 238 978
92 298 778
714 128 392
789 759 433
502 620 577
570 26 372
56 267 490
281 880 735
876 537 545
257 743 444
570 915 728
987 525 826
753 593 750
185 563 154
821 448 565
31 707 160
533 499 569
966 42 686
995 418 772
251 556 860
635 71 971
314 581 353
179 335 236
192 249 107
83 494 510
715 856 583
740 973 373
941 398 51
305 44 319
385 892 757
157 44 103
529 894 329
769 372 384
96 471 515
903 3 451
99 175 998
421 848 778
669 111 766
603 228 777
376 993 639
557 931 231
503 910 685
568 446 594
423 376 791
942 229 773
533 72 278
324 622 567
260 41 251
246 834 790
303 520 429
748 185 182
16 864 576
852 672 196
539 833 632
758 698 741
546 406 772
381 763 1
422 305 482
355 364 783
605 793 463
921 303 988
643 169 618
90 460 796
229 782 572
100 163
770 648 100
472 471 503
805 518 734
74 433 209
283 54 315
925 122 386
824 967 11
718 576 938
667 882 61
444 544 259
935 191 64
96 225 811
247 338 364
217 491 426
957 418 101
325 6 965
815 986 206
312 684 509
61 710 265
652 201 463
726 685 462
85 752 602
509 250 534
901 12 583
854 582 710
472 116 548
158 299 6
672 221 911
351 373 726
113 974 43
810 233 306
419 286 379
236 908 901
313 137 548
730 47 283
66 166 367
811 144 106
338 76 263
610 567 767
434 790 902
455 836 774
726 136 870
186 124 753
816 619 717
571 849 169
602 653 954
474 714 838
364 4 846
670 170 111
350 777 633
58 209 200
379 472 641
557 643 471
909 68 540
365 72 481
258 183 519
938 161 911
311 474 988
529 581 974
86 698 615
63 693 614
87 957 356
21 976 125
687 192 129
895 298 38
759 22 538
318 880 948
461 720 569
82 501 132
592 49 503
62 662 376
530 989 452
554 563 639
550 91 989
355 245 951
270 906 287
671 197 122
625 929 808
737 540 170
650 890 189
99 888 519
15 973 405
812 859 411
315 51 375
203 642 754
197 728 806
765 650 647
928 936 631
859 879 934
972 343 175
263 616 160
159 449 670
773 624 38
273 803 146
790 759 961
97 457 804
245 796 771
518 594 918
732 565 71
269 323 549
100 1
992 927 684
11 582 521
910 137 345
609 537 168
554 235 770
82 270 917
734 476 85
561 485 45
707 626 192
409 312 316
403 742 194
501 830 986
90 449 869
943 868 743
784 101 991
22 493 530
469 834 48
744 621 929
452 379 916
181 468 813
794 94 35
216 728 365
657 56 967
767 230 178
27 12 673
749 479 203
714 292 651
780 366 260
416 209 352
976 923 290
308 799 408
484 279 863
726 245 722
928 704 958
269 759 788
885 145 309
636 574 686
596 202 390
259 526 65
148 67 401
14 956 556
547 989 794
852 102 456
471 452 199
179 954 926
289 930 974
299 802 995
12 149 998
761 613 211
808 317 710
59 594 529
233 401 644
895 916 422
337 499 312
548 682 234
55 86 685
882 235 972
710 784 735
75 968 737
525 211 951
664 340 51
93 366 482
455 904 816
270 481 781
914 795 278
379 458 98
127 150 407
871 255 142
695 861 901
451 512 905
615 559 222
72 254 697
723 38 985
609 381 76
282 157 506
669 548 399
550 509 518
496 973 655
361 262 660
841 197 773
705 270 826
100 819 408
306 479 307
871 292 597
546 171 515
365 725 490
229 754 236
262 311 632
792 782 22
889 722 655
944 681 576
775 953 442
58 326 794
381 435 378
515 822 715
93 873 786
617 29 131
744 766 952
862 745 429
665 937 669
100 469
299 2 204
209 521 503
773 664 416
201 862 830
530 363 353
819 664 240
896 993 995
114 989 673
183 695 600
430 92 814
869 84 378
720 121 361
432 129 617
153 737 389
471 784 660
975 498 256
999 525 649
818 56 96
989 817 375
111 64 290
26 698 877
415 174 444
948 907 888
762 218 489
318 137 779
21 684 116
766 187 902
10 108 470
711 6 627
217 580 472
29 314 592
945 440 397
829 172 74
196 116 911
315 827 161
633 47 385
830 149 662
763 641 701
362 347 245
994 373 239
723 999 100
476 826 486
659 816 274
506 814 350
505 52 10
836 999 673
622 361 749
991 809 643
213 648 705
917 565 296
197 21 86
425 448 283
20 38 611
965 937 292
565 183 26
659 57 936
909 692 700
344 77 86
354 142 988
161 101 998
901 699 896
336 99 672
886 627 889
356 834 127
22 964 338
299 708 451
437 395 374
976 358 875
84 229 461
281 444 938
248 556 679
608 59 971
845 290 417
841 925 973
341 348 557
280 930 268
91 374 483
937 694 696
240 677 820
248 581 504
976 609 657
898 783 66
448 668 112
257 117 135
334 980 840
318 667 650
824 536 970
824 317 333
657 720 276
714 250 236
800 63 36
968 897 557
530 790 92
637 912 547
199 420 686
518 591 82
667 320 488
210 478 6
928 140 315
604 8 238
100 357
45 536 145
932 789 574
224 668 327
659 99 441
58 290 569
865 382 366
844 568 981
591 710 451
532 608 250
393 56 288
781 822 870
746 596 77
979 180 959
209 2 665
474 32 660
771 132 901
801 392 608
280 804 72
825 780 333
433 179 429
880 878 212
277 563 187
322 897 549
845 806 468
746 26 813
600 251 397
416 156 570
755 89 46
43 727 270
406 814 294
42 93 744
849 142 529
978 285 127
606 993 560
681 458 476
793 186 565
285 556 265
930 174 426
164 287 45
705 841 701
794 197 860
468 725 394
864 607 924
965 105 631
818 110 77
966 132 884
187 491 604
293 499 957
800 160 365
85 654 810
182 620 326
881 734 86
137 679 172
242 799 487
394 552 140
733 277 398
836 341 517
678 446 76
339 767 45
562 248 670
617 68 202
120 429 765
217 767 273
884 960 704
487 478 95
645 435 825
94 763 555
594 628 938
54 275 436
604 273 421
177 300 324
349 696 285
700 38 164
796 241 268
680 939 743
448 548 746
50 317 762
100 627 245
435 212 160
744 243 42
735 619 739
277 546 57
861 254 598
601 1 423
61 723 294
887 324 728
285 852 63
693 63 483
449 451 567
422 783 511
578 362 684
801 43 932
31 171 531
848 256 392
941 654 290
710 752 866
313 545 126
853 413 262
249 77 864
648 748 934
100 481
699 759 483
19 75 773
278 879 607
200 543 205
96 980 596
642 736 225
469 715 289
2 659 736
363 490 949
444 401 886
79 145 848
998 455 688
229 293 285
470 682 815
534 386 229
10 853 458
333 589 679
598 842 742
745 548 184
192 680 34
303 409 989
939 179 177
339 864 355
694 934 992
191 597 986
74 83 427
485 927 226
137 466 389
113 6 443
997 274 174
866 54 361
728 260 451
775 550 123
631 616 709
782 649 243
452 311 386
166 722 249
667 531 824
27 780 226
701 309 375
196 608 879
771 770 360
273 93 64
48 362 504
314 158 352
341 761 890
504 54 201
588 811 388
202 102 630
488 777 849
932 678 883
235 466 278
118 637 766
69 347 739
293 536 979
501 992 856
93 291 882
73 330 285
713 884 38
936 974 157
586 460 58
278 2 442
367 434 344
667 705 535
492 916 703
234 697 854
370 590 772
841 505 327
347 945 317
705 288 456
984 342 513
795 685 404
390 345 364
756 822 718
877 799 269
254 702 251
174 772 210
539 305 202
480 437 554
659 381 341
998 44 703
63 474 354
648 138 18
957 227 199
842 777 190
497 213 197
835 478 855
484 837 595
657 241 12
231 161 856
373 902 11
48 272 253
281 412 119
653 730 408
385 312 817
481 56 681
405 5 389
376 841 314
253 395 295
427 384 384
100 47
180 183 662
828 798 711
772 161 590
422 721 643
984 913 579
648 642 303
419 91 491
510 5 30
666 976 245
559 954 817
445 299 643
1000 931 4
284 728 503
568 964 754
978 184 81
944 115 153
184 808 307
34 194 107
232 75 255
865 422 430
292 891 969
789 224 389
960 640 341
94 595 368
858 53 949
741 29 274
276 265 46
78 13 231
582 503 53
779 382 836
731 800 981
322 337 504
521 657 816
59 798 342
555 751 828
653 708 839
978 698 915
636 609 612
749 77 116
231 793 436
675 445 190
775 271 305
848 255 712
839 137 337
82 915 604
551 85 261
644 794 452
181 476 949
493 920 56
945 279 159
896 553 354
185 452 673
488 917 923
240 986 734
766 207 781
458 233 309
59 369 930
376 261 695
218 874 766
605 48 342
403 643 413
797 783 170
66 634 523
433 101 718
2 671 403
272 75 263
559 509 280
925 792 16
747 371 985
86 176 520
626 816 589
606 84 998
373 726 226
741 700 706
443 700 686
215 547 897
121 925 753
659 280 741
612 59 425
550 750 452
902 227 611
164 415 165
762 286 649
952 898 358
832 52 912
280 760 547
156 701 81
89 452 443
409 685 704
871 851 787
349 938 629
588 669 437
623 67 723
187 495 172
604 914 346
307 89 612
741 301 777
840 154 399
836 304 485
666 930 288
100 5086
888 809 202
729 246 933
424 601 325
674 847 619
734 182 364
30 282 401
62 137 619
974 375 309
611 611 680
361 583 748
664 245 711
55 201 526
349 408 648
415 663 708
215 201 394
610 752 777
797 165 16
567 240 711
885 736 784
152 86 393
128 396 470
604 820 850
148 911 821
416 473 655
916 780 63
812 221 214
227 646 114
185 255 109
696 320 175
54 746 125
317 817 17
396 987 783
277 879 989
505 698 435
800 588 841
63 603 113
914 940 784
945 939 936
951 133 128
357 872 819
359 207 858
316 142 66
101 947 27
65 953 408
944 667 977
762 874 656
247 60 404
82 412 910
77 847 444
724 266 410
764 267 513
713 826 216
379 833 488
275 613 973
499 792 164
654 766 350
2 412 14
576 521 59
738 290 411
849 2 366
212 259 328
235 988 423
567 863 557
604 55 203
5 742 393
197 496 86
253 339 478
46 30 291
468 290 599
584 882 154
837 78 784
340 808 670
286 326 54
157 430 713
30 896 704
273 126 610
2 137 378
285 162 139
130 311 650
797 166 188
446 783 920
121 628 265
966 265 425
794 747 864
172 499 241
924 674 722
926 492 101
698 648 985
945 183 685
825 733 927
235 730 562
60 353 387
987 182 800
198 257 198
362 306 754
710 45 478
646 468 356
807 981 948
75 226 344
925 652 813
100 148
700 963 775
539 284 586
120 66 544
386 187 748
439 535 905
420 358 670
15 153 227
741 127 359
613 752 108
451 833 540
750 142 872
337 774 645
908 89 324
299 233 759
588 284 320
261 502 71
38 223 157
926 636 702
855 133 768
650 275 773
192 895 74
884 614 226
867 667 575
512 794 380
230 155 619
789 134 178
128 957 652
636 19 730
851 457 765
173 225 245
996 659 446
714 987 328
676 273 43
762 738 876
431 319 339
523 646 516
260 561 546
348 883 274
893 265 987
779 59 290
3 478 690
88 470 313
918 550 509
722 201 174
489 977 343
842 213 42
704 45 695
925 887 223
839 364 151
38 152 584
454 864 308
944 81 162
317 824 134
275 357 978
761 410 726
571 822 1000
974 324 661
372 467 235
836 106 100
854 70 423
263 4 617
547 479 848
838 11 958
619 545 201
832 796 935
347 840 598
408 117 955
862 162 684
626 472 781
745 574 149
61 677 932
859 850 319
688 113 371
535 21 837
769 262 394
972 952 620
369 198 824
14 273 563
554 338 19
750 277 1000
409 804 769
751 418 257
955 568 371
496 606 435
416 492 635
885 615 607
71 947 885
750 355 797
458 536 9
874 736 562
722 635 9
48 796 863
542 833 409
227 108 96
539 307 648
546 355 594
51 49 368
250 393 596
205 808 100
552 108 471
100 1328
400 446 839
626 892 428
938 547 345
720 339 831
277 836 979
500 813 772
969 547 749
368 253 873
611 73 498
665 816 485
966 255 964
910 423 537
437 388 395
390 675 435
164 480 748
343 782 109
711 180 830
849 111 570
177 768 446
237 391 855
467 890 674
354 809 670
510 736 582
889 383 274
549 287 234
339 528 791
785 586 901
77 302 954
476 346 658
322 402 83
867 80 869
247 704 633
653 257 611
500 171 534
18 372 881
392 537 524
189 729 183
141 243 980
931 410 391
620 420 733
556 152 970
362 563 70
724 681 99
965 63 593
953 991 711
272 908 530
949 151 744
880 949 226
926 44 43
405 500 677
410 810 206
800 208 464
776 413 290
125 502 652
39 579 27
464 211 609
362 129 555
544 173 776
415 846 287
107 961 112
408 344 153
95 541 382
154 501 9
455 317 34
260 50 456
415 941 326
730 763 535
792 101 883
582 653 505
92 909 763
1 165 230
305 212 312
789 936 963
623 937 697
594 763 343
557 28 567
332 804 431
699 279 13
753 597 546
380 918 929
523 273 223
49 771 197
353 328 938
784 471 625
572 782 380
821 796 408
817 472 380
182 359 925
190 242 626
80 362 239
723 369 429
577 232 617
498 423 793
164 239 827
266 230 799
514 808 475
535 990 154
575 288 96
22 820 896
387 324 977
100 198
269 307 247
662 599 622
215 551 755
939 391 578
756 96 364
925 41 130
378 868 356
131 646 172
7 175 212
360 22 852
620 892 575
571 464 36
70 311 897
679 357 145
342 622 657
141 438 91
992 893 229
151 702 864
395 660 414
391 26 996
125 524 438
436 915 55
567 449 531
30 289 261
2 888 5
6 292 86
816 860 129
22 161 220
103 502 944
157 473 106
234 606 21
426 873 739
12 434 520
778 258 351
493 134 781
803 487 432
18 238 870
964 611 641
569 367 980
543 771 43
893 283 767
212 258 936
979 882 726
305 113 516
311 526 695
165 994 15
648 438 623
448 636 768
55 929 850
388 2 73
286 296 229
855 254 576
848 620 462
583 22 800
67 801 157
447 405 911
14 264 413
21 254 602
174 811 979
948 344 822
66 543 991
371 165 537
250 911 466
241 943 462
22 82 36
206 826 183
809 911 27
153 306 353
389 440 936
738 818 859
774 507 899
877 440 877
81 71 240
173 886 324
3 778 629
564 296 447
336 928 809
9 759 495
258 694 902
188 374 584
1000 757 712
541 608 71
39 300 830
187 243 702
422 7 100
271 516 874
27 664 491
888 951 482
422 350 289
224 758 403
908 393 33
420 779 401
740 762 391
876 575 593
544 342 391
223 104 705
697 431 887
220 65 570
505 613 642
826 812 251
100 80
154 246 730
530 564 51
763 420 48
251 904 952
38 618 553
452 41 394
518 759 720
179 425 340
250 306 654
217 94 215
43 234 412
952 926 286
603 483 399
388 527 745
172 294 150
422 115 258
976 813 519
426 41 817
473 50 21
702 418 7
574 253 443
654 845 310
338 666 19
784 393 359
930 940 868
116 597 864
711 822 952
959 298 742
973 317 794
21 893 144
13 782 872
891 761 785
113 12 817
744 424 429
765 291 325
224 493 726
726 595 867
410 157 147
434 872 305
652 542 49
192 582 97
36 822 188
567 247 268
270 600 518
711 55 303
906 628 745
75 688 822
563 1 458
323 996 764
875 857 282
443 412 240
331 341 332
164 933 403
884 250 697
521 520 292
993 987 945
915 650 569
927 192 829
246 788 367
768 291 860
8 538 259
784 859 971
506 674 216
25 631 547
248 831 131
440 603 256
901 971 159
561 323 406
281 85 327
762 452 370
315 53 347
888 371 98
988 850 814
67 700 13
32 865 393
677 887 516
119 183 568
678 298 857
726 969 93
494 902 401
653 934 561
788 206 609
855 974 879
724 564 626
508 380 418
98 432 71
260 567 989
299 721 788
498 774 917
813 568 180
32 213 400
895 649 869
668 689 739
216 361 653
457 811 806
59 929 682
275 282 611
261 49 311
605 882 794
908 276 836
100 656
501 233 554
32 51 141
314 466 619
410 939 964
977 344 42
651 677 945
876 566 328
522 571 694
80 414 764
998 471 32
965 144 794
581 595 858
765 123 505
995 348 130
989 54 956
566 28 490
975 438 438
595 479 716
988 265 618
105 326 738
771 348 529
215 385 295
821 792 153
647 925 685
359 174 648
74 842 422
700 45 789
236 226 671
41 718 972
565 632 154
435 715 332
477 806 828
950 205 188
312 771 580
10 666 689
81 456 724
207 340 286
377 666 670
133 287 940
651 232 488
878 981 320
555 126 390
894 380 540
26 348 300
575 510 317
150 813 889
139 960 999
549 919 810
346 658 410
150 922 640
178 603 705
214 89 352
77 476 584
810 680 945
408 842 89
290 129 166
136 464 299
754 318 132
98 555 634
530 207 848
497 536 736
493 685 193
42 573 158
122 909 579
302 375 294
261 549 507
218 646 165
291 509 439
512 718 507
617 614 876
614 489 923
303 214 464
749 442 358
118 939 308
755 371 624
121 584 474
439 542 44
170 289 782
813 809 346
550 502 391
73 834 460
325 678 434
286 657 342
676 987 455
129 623 37
517 709 657
715 163 171
86 756 821
775 501 103
814 486 9
264 787 272
65 373 889
228 852 582
819 963 5
259 789 524
566 687 910
655 716 714
973 45 767
389 588 244
380 430 945
100 417
937 844 502
454 213 180
575 803 425
729 836 672
551 59 10
817 405 926
170 178 854
483 357 762
718 164 282
252 215 24
270 927 293
286 831 520
578 399 389
638 854 524
37 507 159
958 444 762
673 221 4
187 859 720
494 508 710
163 596 938
26 167 521
789 894 123
448 329 820
184 726 880
407 338 29
685 282 554
149 148 622
592 473 382
791 990 276
952 292 448
86 306 401
152 415 5
442 701 838
926 39 484
374 847 791
55 422 733
706 641 651
644 615 956
205 686 678
137 251 754
619 510 699
49 535 558
138 973 285
891 820 394
886 62 905
230 634 951
605 853 708
424 354 164
776 107 403
39 971 892
95 335 47
90 952 411
74 423 256
199 562 910
488 114 943
556 228 9
876 47 309
809 932 155
732 698 277
43 216 446
772 77 229
625 237 870
985 59 180
397 188 928
341 244 763
577 772 160
881 612 994
513 971 654
270 677 270
184 939 440
488 383 867
342 719 909
496 536 690
718 522 429
866 141 779
32 908 788
115 351 902
75 320 740
483 127 301
996 117 204
358 188 926
925 781 508
35 352 933
228 478 735
841 378 502
272 31 430
349 223 942
941 318 913
841 449 32
89 383 634
300 184 400
669 711 421
287 202 972
316 423 668
473 243 203
930 532 367
837 970 571
133 890 997
565 884 321
350 799 920
100 528
132 87 138
880 966 702
402 35 982
838 79 810
86 345 717
533 719 81
77 746 369
457 946 131
29 591 511
621 670 36
583 728 685
722 548 999
116 553 169
542 106 405
163 35 173
800 314 491
758 599 853
474 94 564
475 45 159
880 94 504
461 482 970
927 515 657
268 923 409
306 77 348
147 990 646
901 302 834
421 144 387
972 397 199
438 680 756
908 920 813
189 238 367
798 726 97
80 104 621
656 619 717
499 881 605
19 914 845
483 293 227
698 266 443
888 887 475
424 456 452
499 184 680
796 49 516
759 440 25
84 218 969
742 303 670
441 300 842
101 622 122
67 503 436
78 416 769
822 811 81
619 961 790
527 508 973
958 839 416
913 266 495
873 826 844
348 491 887
531 838 913
236 326 128
518 705 164
784 726 183
337 175 515
238 651 293
339 278 347
708 814 832
862 335 93
799 491 512
934 913 311
547 956 28
196 386 291
895 680 957
858 302 130
925 521 241
271 262 306
498 698 319
12 257 35
231 42 502
30 582 162
441 844 861
41 169 487
723 147 152
630 893 345
368 825 40
587 564 798
94 277 645
209 75 863
976 259 771
715 728 49
235 723 189
118 936 819
448 491 975
314 561 778
114 70 752
314 556 557
965 252 642
952 28 396
701 946 448
507 376 62
603 233 530
934 239 760
465 448 684
100 1027
276 947 543
727 730 567
27 977 252
123 606 876
348 384 827
285 673 122
55 158 680
726 914 961
176 95 668
119 962 531
914 127 92
666 468 234
504 791 716
642 357 351
932 715 522
967 980 202
570 170 655
690 169 383
746 197 473
545 520 664
473 912 317
919 283 925
909 687 512
698 735 618
291 840 211
277 287 786
269 318 397
567 750 993
190 349 766
10 265 200
792 140 641
563 265 768
150 365 934
226 855 116
569 861 401
384 815 718
871 741 74
261 766 180
6 936 995
484 106 307
555 338 581
874 790 335
891 799 257
888 794 510
247 65 965
861 572 979
708 873 646
253 790 140
104 46 332
131 980 664
491 276 684
800 366 356
724 386 462
982 136 482
423 648 894
261 296 728
288 990 190
460 432 340
925 214 728
585 317 494
837 253 717
153 503 48
918 32 592
815 350 171
470 630 448
364 663 884
973 521 808
644 681 657
794 632 36
95 881 432
267 996 666
791 322 751
113 742 161
728 764 50
160 458 512
81 480 974
190 122 768
892 617 106
56 677 190
451 974 428
48 767 971
914 944 34
912 201 262
221 858 632
782 431 672
501 89 726
573 10 511
331 118 38
518 60 601
419 882 19
47 615 233
851 889 636
394 98 483
571 697 650
703 454 961
666 256 538
511 418 297
835 862 212
698 729 653
37 342 593
100 104
954 900 622
400 168 936
894 939 180
638 233 367
169 586 940
417 839 38
596 99 432
345 430 840
471 801 476
919 146 893
33 799 22
657 61 640
721 886 556
985 858 997
864 812 468
752 231 106
458 174 560
460 813 529
55 895 337
38 224 971
190 248 488
81 697 137
870 558 178
766 913 128
977 477 843
515 914 302
755 281 479
411 217 668
773 45 82
657 910 85
915 611 653
628 954 201
457 928 471
565 393 987
514 714 573
185 991 97
85 222 180
200 187 585
267 952 971
97 58 193
67 755 744
948 261 629
770 733 297
290 563 154
895 434 731
725 619 838
294 818 625
69 93 77
696 933 130
835 907 249
292 435 554
811 923 882
863 63 565
639 436 564
991 433 474
376 295 35
517 126 326
457 51 823
683 923 963
42 379 347
674 657 372
139 936 466
448 232 442
462 72 933
384 946 774
582 838 815
964 578 656
752 2 731
31 391 722
350 416 381
896 409 988
285 742 598
378 211 476
35 895 270
676 362 240
638 388 572
543 612 220
421 881 854
735 916 568
459 30 722
444 705 312
764 932 744
270 942 682
682 834 54
837 50 552
378 176 207
101 512 527
395 460 40
202 236 168
951 82 350
187 683 505
338 748 126
814 896 983
145 765 676
607 758 229
736 871 322
283 118 246
253 341 408
384 975 137
934 713 385
100 414
107 188 221
988 445 442
764 903 719
390 74 32
621 965 991
86 722 4
404 655 321
857 624 435
279 643 455
744 209 670
110 548 592
54 445 562
469 493 73
459 170 799
725 997 663
146 628 842
934 588 94
351 124 773
869 317 780
811 90 365
785 91 457
195 31 917
374 861 511
889 810 813
326 502 30
650 568 194
930 13 510
795 651 263
457 387 63
384 618 362
502 634 145
933 143 36
349 413 332
154 574 683
27 690 437
199 377 817
876 847 709
956 983 4
119 851 983
465 147 295
351 109 886
789 77 7
996 946 431
313 987 270
102 309 127
53 516 117
355 568 870
327 713 131
613 444 470
903 743 482
581 567 901
463 862 784
753 406 867
930 199 54
767 387 388
526 51 179
719 245 78
858 50 301
769 301 804
528 796 871
551 386 152
948 626 94
98 225 578
485 697 991
242 856 868
743 211 559
691 327 833
907 464 194
525 61 33
646 312 690
710 751 923
469 169 529
152 116 439
107 756 432
873 126 11
35 623 604
704 638 250
102 48 634
660 862 962
644 167 923
901 206 142
907 502 600
268 827 116
326 583 849
90 171 504
810 496 371
123 696 262
494 909 467
119 552 550
625 645 973
501 256 255
938 946 903
572 510 380
5 802 208
496 905 800
314 522 904
836 147 611
302 106 835
600 819 745
943 587 695
100 49
836 544 496
338 456 61
743 818 444
78 67 198
205 789 766
106 98 403
276 115 304
5 577 942
385 734 810
364 388 285
827 472 534
715 272 601
453 499 600
875 212 782
435 956 547
354 788 702
70 718 377
264 838 13
783 505 301
932 947 314
83 994 387
934 301 475
843 754 237
584 4 259
20 935 302
656 388 675
950 877 651
8 483 680
513 917 963
612 970 222
242 184 671
492 370 468
575 796 238
319 43 137
288 367 288
806 923 734
677 756 66
541 555 428
591 600 917
890 360 109
261 775 860
547 22 289
972 123 680
745 660 405
253 264 616
978 242 199
779 361 706
418 699 241
388 775 737
650 309 617
932 848 856
116 997 909
402 28 597
401 130 343
234 264 13
859 489 241
808 29 573
879 310 687
773 726 450
877 212 699
54 165 186
432 913 272
408 835 416
17 465 858
235 769 91
117 64 237
429 159 669
37 155 402
998 209 284
567 599 474
853 175 772
98 878 249
692 641 521
280 467 333
716 264 718
493 668 358
730 242 329
209 685 842
977 464 318
211 12 616
857 353 631
906 498 484
220 80 43
553 366 506
505 338 2
458 952 397
401 87 702
438 202 514
613 842 436
531 618 673
41 766 947
623 318 616
30 679 464
640 692 852
504 556 236
782 447 345
307 941 108
374 50 229
826 334 992
855 79 968
100 582
519 503 709
817 759 640
125 866 472
589 294 74
767 494 962
921 12 463
179 893 859
836 726 960
196 750 338
746 853 951
467 85 898
498 295 88
678 718 892
691 945 257
404 449 254
513 495 284
360 454 748
946 584 491
59 60 766
299 369 728
497 80 624
324 244 166
786 731 712
255 283 269
592 31 209
446 581 760
481 408 406
784 310 588
339 477 576
180 270 467
295 140 47
469 875 415
27 175 754
310 1000 532
284 595 72
163 623 764
31 900 282
755 946 57
104 25 718
536 35 682
410 588 465
204 491 234
856 210 330
194 282 342
563 324 765
986 53 185
922 959 793
812 591 103
657 941 459
860 158 165
974 428 917
881 539 52
288 229 490
249 765 353
766 213 325
273 200 775
291 230 414
443 782 618
228 913 405
80 973 794
447 722 390
236 684 773
279 750 35
879 559 615
520 345 251
338 209 767
866 475 254
100 520 565
299 898 349
428 796 607
642 93 812
283 911 398
513 702 667
376 743 406
513 409 143
990 236 230
444 403 447
381 987 312
660 904 340
537 390 734
993 852 212
555 706 587
821 512 970
30 267 509
97 294 310
123 407 253
854 214 458
64 995 104
164 702 436
889 485 346
475 257 792
548 930 480
276 159 700
356 329 915
82 666 509
210 376 801
555 672 572
775 446 467
826 119 335
242 279 442
100 42
850 984 226
437 876 365
190 959 578
40 927 684
824 556 322
319 127 468
582 38 596
266 645 605
320 248 391
647 480 542
545 821 309
512 925 149
758 475 163
631 617 829
37 94 649
358 57 442
112 903 791
286 294 413
890 443 426
337 700 280
429 607 769
708 270 825
253 114 951
504 698 584
7 687 10
300 585 715
403 290 210
323 1000 551
824 576 572
923 221 544
865 959 835
678 487 323
530 198 920
122 732 223
663 189 313
41 945 536
142 184 109
421 937 197
45 139 239
623 326 522
903 243 451
646 199 501
349 54 732
922 920 192
23 740 727
147 250 617
24 40 731
264 697 933
567 552 73
191 912 519
700 764 337
620 887 899
230 627 793
976 504 682
370 496 70
516 493 533
111 313 137
822 628 503
910 303 803
738 322 80
949 492 659
188 105 345
246 288 874
761 111 126
939 794 682
390 771 594
349 968 524
342 800 728
165 98 381
134 111 14
146 185 796
961 710 575
491 340 919
539 665 413
545 716 73
431 555 974
636 986 460
232 780 221
99 577 642
628 796 655
743 335 782
982 808 10
145 65 546
274 229 327
933 243 365
469 893 243
850 709 396
625 469 112
91 792 316
309 527 290
390 470 8
563 81 227
772 747 736
477 995 567
531 793 411
213 142 734
812 674 628
725 222 523
700 997 358
980 193 792
100 252
263 223 886
526 100 665
860 646 841
64 640 729
999 678 179
856 754 233
643 850 82
122 844 976
738 661 291
33 221 459
223 761 984
451 260 20
71 584 117
697 664 596
453 737 598
602 371 255
715 944 232
393 430 891
709 348 204
213 277 975
398 169 781
238 87 663
804 38 929
179 787 48
723 48 906
159 832 562
963 283 750
849 959 376
146 73 852
672 877 871
568 573 797
486 45 299
667 30 113
690 484 542
896 153 110
793 400 997
913 980 177
50 911 767
543 857 17
698 286 343
928 423 536
38 333 85
149 180 549
709 272 641
245 837 842
87 718 601
222 794 868
466 360 918
353 559 538
840 137 48
445 725 857
609 440 22
801 851 448
397 243 998
861 97 248
339 540 942
990 31 550
360 727 329
388 845 632
404 477 90
124 255 775
614 221 482
21 523 519
588 283 98
737 679 595
374 712 277
314 97 330
604 429 179
764 20 490
866 921 242
572 939 863
533 366 773
999 589 67
582 569 195
256 848 834
940 223 579
547 559 273
718 455 878
286 352 568
609 724 969
463 293 210
982 982 52
592 960 452
654 573 694
852 470 493
225 290 15
349 189 804
485 771 592
640 952 647
779 704 66
944 709 190
794 908 711
566 633 624
34 263 450
528 756 573
407 228 434
22 998 920
304 206 882
142 899 322
566 745 831
100 227
988 353 564
803 460 742
19 665 728
818 671 356
500 512 271
398 315 675
40 337 652
885 926 575
619 733 563
592 644 99
337 703 907
843 321 729
519 139 246
915 805 283
331 520 104
584 737 244
726 405 877
719 525 511
926 209 557
803 884 990
127 863 796
975 907 634
208 661 768
80 971 138
731 733 306
182 786 325
510 491 227
582 206 397
942 692 426
873 577 679
810 601 842
202 628 642
479 394 821
490 841 305
759 281 559
926 968 867
343 995 939
470 279 251
464 55 234
389 230 963
470 218 81
37 666 743
359 123 516
607 324 837
624 465 717
572 365 393
617 634 442
733 716 923
414 62 773
87 853 129
975 940 238
81 125 76
833 99 294
856 654 70
209 145 465
509 938 846
729 922 473
607 768 808
564 301 68
229 707 3
20 682 257
405 207 369
10 604 725
826 624 300
513 98 920
130 118 376
641 788 271
989 212 191
291 792 735
223 37 451
340 847 657
501 895 621
851 349 852
145 561 631
174 938 825
342 445 221
965 503 143
699 290 766
647 557 161
968 602 319
324 476 966
46 754 830
525 87 182
24 447 878
626 543 831
703 753 136
476 869 897
934 639 877
647 362 300
990 237 189
241 903 559
580 915 116
771 376 920
319 806 976
136 943 475
806 613 504
918 740 313
151 479 777
814 127 154
763 536 93
100 1180
314 927 116
264 439 169
438 822 312
988 400 229
337 353 593
64 959 764
583 908 948
912 534 74
731 447 877
855 775 471
854 120 228
513 434 827
457 370 943
153 833 204
320 144 317
359 631 877
775 913 169
30 646 973
934 358 905
663 531 465
897 845 574
351 663 474
437 734 191
260 580 791
344 725 193
259 185 654
982 327 138
775 658 666
380 4 700
983 406 122
917 166 957
975 704 780
839 134 857
955 692 178
336 733 849
874 161 562
962 275 153
489 836 579
142 506 292
945 67 442
871 851 895
272 391 607
385 572 799
803 642 87
132 856 519
478 431 16
818 672 731
776 516 663
127 905 177
451 825 65
951 617 360
430 76 539
756 26 468
34 140 954
524 110 347
873 286 574
480 506 545
34 632 451
316 141 690
484 727 985
735 950 973
243 300 296
226 941 54
949 421 506
561 810 971
540 125 755
496 329 997
621 682 492
101 414 380
264 687 545
163 151 530
589 945 153
449 269 587
256 595 554
313 856 923
13 106 388
598 81 114
772 69 268
233 706 382
94 840 107
163 339 35
123 559 899
814 633 488
88 853 10
662 239 252
57 70 407
423 388 139
127 511 129
58 28 306
656 472 888
981 274 154
622 1 71
880 170 848
910 112 526
634 109 659
334 328 648
102 269 644
670 358 97
147 911 256
217 25 281
