100
8 2 2 1 1 1 1 0 0
4 10 23 36 12
2 44 12
2 21 33
7 8 21 14 3 4 23 16
3 25 26 17
3 15 28 23
5 9 17 8 5 20
5 63 35 3 57 61
4 1 24 26 23
6 39 71 38 24 44 70
2 42 39
5 42 24 87 38 34
4 52 13 22 27
5 40 47 12 63 29
5 41 34 36 0 4
6 35 7 6 44 35 30
4 6 21 10 23
6 12 13 7 1 5 14
4 30 6 31 34
7 31 50 49 59 40 30 14
6 72 83 68 9 10 55
7 15 43 36 12 26 11 42
7 55 48 0 66 6 38 6
3 50 60 22
5 61 42 85 59 59
4 38 23 31 63
6 24 24 1 26 0 34
5 0 56 16 12 70
2 13 10
6 31 30 58 51 69 27
4 58 5 20 75
4 24 22 23 6
4 23 13 32 11
4 20 9 8 8
4 46 29 2 11
7 9 46 8 38 63 56 25
7 0 7 0 2 4 3 4
6 76 56 14 7 69 43
6 23 19 25 45 45 28
4 5 26 23 11
5 49 1 45 4 6
8 47 20 43 76 26 48 73 28
6 18 9 3 26 5 27
8 26 8 50 35 38 23 33 44
8 24 19 66 75 84 40 59 31
5 25 1 30 3 29
3 2 6 4
8 17 37 41 32 22 35 14 21
7 35 5 58 76 63 45 61
3 68 56 1
3 5 5 2
2 33 8
7 12 5 4 4 12 2 7
4 16 29 16 24
5 65 70 64 55 44
4 58 57 6 0
3 64 85 51
4 3 7 4 0
2 5 4
3 28 6 20
4 26 8 19 1
4 13 3 6 7
2 1 1
2 23 12
2 31 5
3 35 19 39
5 47 50 25 40 30
3 0 20 31
2 1 2
6 3 15 74 24 59 33
7 7 9 4 5 14 45 30
8 97 98 44 23 96 15 40 52
8 2 1 5 1 8 7 4 2
7 31 15 38 24 37 39 14
6 4 5 18 3 5 9
4 47 0 82 96
8 1 43 66 47 10 56 47 9
4 2 1 2 1
5 3 0 13 6 1
5 21 2 11 26 33
4 10 32 16 4
5 33 20 29 31 26
3 67 12 10
6 28 18 30 30 24 3
8 49 42 52 1 16 28 26 15
3 58 51 15
8 5 4 2 3 5 5 4 4
2 2 12
6 1 12 0 5 8 2
6 5 3 0 22 14 23
3 2 69 35
6 19 66 66 5 14 16
4 0 14 7 13
5 7 1 2 1 4
7 57 64 51 62 82 33 29
8 3 26 37 23 10 31 5 37
5 2 34 10 29 0
7 16 9 5 42 61 12 67
4 5 21 27 9
