500
10
11
121
299999999999999981
9
99
999
9999
99999
999999
9999999
99999999
999999999
9999999999
99999999999
999999999999
9999999999999
99999999999999
999999999999999
9999999999999999
99999999999999999
999999999999999999
5978089999907795
552968531
410722003842920449
3537502618
975707579
462154
9825
705224493332506
5594445907
6590219955
10418941055
707587337294
68985969887403
6313708
899058
34736441955
494
9517148
9692968
608586
764
10454707448075539
107397870370
10568327
980129
34232523232
122121
319638193915
502654596294491
69
15523117967264711
4183803
4535
65533423176721
56927171964
7414565037
486344
9318087879980
43101021123
68131011673
948615393505849
4463633
23970785
117306671271
48906598233845
45615533660554
937255968552739
89688
1208
358268762852
1152366403673161
31877912
69
58622685
973615863269506369
2830255
767
4114
4163319928836
515
21452743754
22
849797808797948
220943199078960
97025921863068
72402729426
607054460705
1111110
17864597
547
348019977
45495355250444
700343096
99310299
4
78034
8318738478227
66333808
82649678531304001
54239241608179257
960873939473047
9999
1580492
6146564666405
841537
90531
976097
9176818
99
1251798
62
6004
716507
227590284720857729
4364778684534
221178620999
793604492294515297
1131
752147
755
9621823182159
74553935636
5775
7820514123490
45741687954
3471451643
742
624738
179444610514
8321770237
691762726277096
60243
6160715
51594818093
898990
671100634229
73696677766974
747666591206557836
9191018
76267
132
52480146
591796484698185
7826008559105187
813706607307
9345992905339
261
110283735523475
343852666249333
2090179048878227
7189378446389086
9440141782409349
52859711685924
13005353952273425
8270827
58941103985
69
3365966412
81618
65
553258863344
93696810088
91300234943200308
8
879666978
9772871001781679
2030479413117
44720311841410
1050
814433954591
83138621594028
79167411377087
88533588
39
666
3896726
827
44743389423843
76791577618767
5170191
96622183762
936266083105970
715498029149
890759970066988
93222731005821
59541417272514485
8999779998
952545
8412442137
2087227475126
3897680589955
51943634914
932228
92566628
843
95149117
916718
1499012982785467
3300
747587785846
39443393
4161745
706
898205173577964
4445049844
809468811864142849
994167044450661499
584912925
5201
774293367
443
431758123
15290041004
720980631537508
523859
414682500
6411006273563126
27548047279351097
8189889917
5889
5047590488242194
62725954336099
2743435381527882
700990902715873
9229881090505
933438
143
16133161
7221624039065
215430699803423681
1428933
31657638158219117
623236209466000385
147884
6199364
9438
62226
38713149270459721
941832030228238
227471847211
504575
22
90823692884370993
1731684140328
7778677
571526679937904
665
948016351900698
42732492830423624
626
5925368217745185
516749902895
504763466504
8801727327370978
6184056155
4961954963626
1203545949644411
8333804
128340780183
44350248095205234
13480952
606
22096900029321633
80
38
48877276829
955827559
154231615851524244
290676068
154
9227179337299491
1302964451
78217762254
6121206
462000332223099164
94748
12909
45508270653
4691
55399454
9955489
909685203312496809
5687
94946682
92954928
8624095884218833
7134
7887
258
508904
71467506
55044414951433055
20467647686
44
957759
389718
968
9889
882846648288
90098
199
6601211056
11
505
273408
9022
69743
586
1111484620838
45689
8090278684577
8512468
634916441858401025
771047832128258
5434653444
637835
484571
3435
6804104175
1185936525739680
733914848518436
585124284
738248567102727
2858884
347246494
7478440408859869
3090693016950149
83377827183852561
6539876380
8062090
3333
61195528675874305
7546
20
22127151731
2770069658709672
59582616324145833
63544635
96143220571445
224494303485511
958938368
13050761529969
57581
2068700750407
349016565
362
317784
3212
708515806
99
40002289
1603634443363051
1580556244
958440002
9855324589
3293
1771680
44727138484271743
89688
31745508892554497
49772
2370732
52967414585462
66
837837
77
226777848109
14338835711
899713
9931209010022289
8971037597239865
90
816842347
58075
814693
95548
75027314514042945
66804
67818701351
5012802993083094
509527579903729
8124519
15953
96631824
32122618151591
55592056539
35004877765
2118128553543
7007
103365506
2870887730806154
7221947343224074
3884705
50085249094
7978797
51460
5263114
358641797135853
77
9709532810627
85102464590064033
70146415
5770
11234
131966648460950
85347
7542592101229070
86222100121168
42282818323
6653447768
97222268
6962610671062596
94220100101149
7731067216711267
16051
98522479
518498769
8590438
626
20626123
21800
59
623921971
670416723966
132347187250
23965
3581556097165298
1601372
5466447635
78887
265206
39010379911110249
830698
3518999143
437974838379833
916509
9519329149
361534467
103530092639
23482589617531
8848752541579577
3118511149202
8
69269483239486296
672166
44
584
88
152724525
94209501139
3067426109
7469
977128578271045761
458053171741
943132338
441152034
82294124741150317
53356424
89099731480702001
706
747
6580110746
399768689430
780028914828857729
90956913013853585
6708076
958690467774986859
456171554
43933
720197637183026945
600628948926095
903298
1069
34
85836464748
275868668309059
1683
99
2341
83351514338
7275556
853374248
97279829338
442476835861872
69061733516331
78066457077
4672417178
50093237
304545165461455303
60274913522382
262
776283560810
1100000
110694080698040700
109
7087
59284
10201
