50
3 2 4 5
2 1
1 2
0 4
1 2
4 0
10 10 100 100
100 100 100 100 100 100 100 100 100 100
100 100 100 100 100 100 100 100 100 100
100 100 100 100 100 100 100 100 100 100
100 100 100 100 100 100 100 100 100 100
100 100 100 100 100 100 100 100 100 100
100 100 100 100 100 100 100 100 100 100
100 100 100 100 100 100 100 100 100 100
100 100 100 100 100 100 100 100 100 100
100 100 100 100 100 100 100 100 100 100
100 100 100 100 100 100 100 100 100 100
100 100 100 100 100 100 100 100 100 100
100 100 100 100 100 100 100 100 100 100
5 3 61 49
93 50 87
75 83 72
84 34 31
41 15 13
56 99 14
25 37 19
57 75 82
5 4 51 29
98 76 89 91
94 100 60 100
68 80 56 54
38 94 76 68
21 63 84 76
4 0 5 9
4 36 51 68
5 5 87 52
50 85 93 76 86
74 75 75 93 73
15 57 23 100 28
57 84 49 6 42
29 29 11 54 64
46 86 65 3 94
50 66 53 72 80
5 6 90 79
47 23 85 10 44 98
17 75 51 51 33 80
23 38 69 82 34 14
77 74 21 82 94 75
71 4 18 35 7 22
70 43 77 99 90 4
27 46 6 84 58 65
5 7 45 17
63 100 100 100 100 70 100
100 100 67 100 100 98 68
59 29 20 58 59 57 85
29 48 73 98 77 72 38
94 40 74 70 12 73 8
30 37 9 33 93 77 7
1 69 70 85 96 20 61
5 8 5 1
74 68 56 35 100 100 36 89
53 100 87 82 53 65 74 44
25 46 52 43 56 22 72 94
93 80 67 15 59 29 91 14
8 35 56 42 33 64 36 64
99 66 88 38 43 96 78 4
48 66 76 32 73 13 89 39
5 9 70 90
91 92 100 72 85 75 43 43 88
95 57 61 90 81 41 78 86 100
77 42 98 35 92 77 52 2 53
25 53 93 44 97 92 69 48 3
19 19 29 34 94 43 56 6 61
11 84 57 34 22 78 5 65 9
94 66 63 57 80 60 55 81 24
6 10 1 8
8 90 19 71 46 87 54 82 58 47
96 29 29 67 58 33 100 26 54 70
40 5 74 42 61 65 66 99 2 46
68 87 86 40 7 33 42 21 24 84
22 81 35 68 16 9 35 3 46 51
55 64 69 12 68 43 45 7 48 80
70 71 94 65 83 46 43 25 53 0
86 71 61 73 86 47 72 74 69 32
6 1 94 24
4
4
39
41
23
37
99
95
6 2 72 97
10 21
4 27
79 51
46 21
97 89
96 74
68 28
44 93
6 3 86 6
0 71 86
37 31 89
94 72 93
84 68 84
73 89 54
74 79 34
45 44 28
39 92 27
6 4 60 91
0 77 10 52
16 96 21 6
48 24 8 14
43 69 34 100
65 89 52 88
78 87 43 70
92 49 62 28
53 0 77 6
6 5 72 97
83 100 45 100 38
48 100 24 100 94
91 19 44 45 28
2 29 99 87 31
100 72 13 53 76
35 45 19 3 24
8 64 66 78 69
29 85 53 91 74
6 6 12 87
85 47 100 100 95 81
82 100 62 100 66 98
89 81 62 65 6 82
77 1 25 81 98 64
48 2 67 50 68 56
75 21 83 86 98 7
97 11 32 62 92 86
52 1 45 5 70 97
6 7 19 17
94 100 87 94 100 64 94
83 86 100 100 81 100 83
88 71 92 80 58 3 69
36 3 97 4 92 11 41
23 52 52 36 48 73 96
72 20 70 33 32 30 21
87 59 68 82 8 92 63
86 27 13 72 69 25 57
6 8 94 45
89 0 75 1 5 15 2 0
34 1 12 7 14 95 18 6
24 87 46 20 40 13 15 46
31 61 53 40 89 19 82 17
58 47 29 27 51 37 38 34
18 2 48 34 52 35 14 86
55 56 20 78 39 8 88 83
33 16 39 76 72 60 53 41
6 9 44 32
100 100 100 100 100 100 100 100 100
100 100 100 100 100 100 100 100 100
64 66 20 93 18 37 55 86 62
95 54 50 45 66 39 48 75 2
33 29 75 51 42 88 87 93 72
61 87 12 68 46 36 89 93 67
60 5 63 34 16 37 38 14 81
96 14 64 97 84 8 96 37 89
7 10 34 37
87 72 52 65 97 75 92 62 69 28
26 68 97 100 66 24 37 87 100 94
92 82 82 67 79 6 52 11 88 45
6 43 0 74 17 49 58 71 16 11
19 5 83 51 86 9 94 26 83 27
61 32 31 1 33 75 98 55 97 52
8 100 70 6 93 36 23 98 94 9
51 19 84 42 91 16 90 35 45 50
68 89 63 45 97 58 24 41 37 60
7 1 4 14
46
46
94
48
87
9
89
10
36
7 2 47 19
37 97
34 100
81 3
58 66
49 24
29 34
59 71
18 61
71 63
7 3 16 80
4 53 6
39 11 13
44 79 40
18 38 31
23 70 31
51 46 33
91 60 73
48 42 48
24 84 86
7 4 19 59
0 0 6 1
2 0 2 3
13 18 97 17
71 79 17 61
26 73 76 54
50 17 26 90
2 26 36 39
3 23 56 10
21 36 63 54
7 5 66 50
0 1 0 0 1
0 1 0 0 1
49 65 71 48 45
68 34 59 61 41
7 98 62 52 7
51 16 16 0 85
36 91 30 2 54
56 31 35 89 26
60 78 84 74 30
7 6 4 73
39 39 18 79 88 63
100 100 12 65 27 22
36 67 56 7 100 54
90 30 32 15 58 77
1 50 20 47 20 18
33 21 20 19 27 25
26 25 5 62 50 77
5 83 56 72 69 11
99 29 20 7 29 34
7 7 57 26
100 100 61 82 100 93 100
100 100 100 100 83 100 53
66 100 10 78 11 75 14
79 15 14 74 42 56 46
62 20 92 2 46 74 5
23 37 5 43 7 73 42
48 94 56 36 92 69 52
47 5 42 62 50 69 33
81 85 48 73 49 18 23
7 8 94 50
0 14 2 2 1 1 1 1
0 2 9 0 0 0 11 0
39 49 89 45 56 46 33 15
39 54 93 98 57 57 5 41
44 20 17 35 61 100 13 32
57 87 47 33 87 17 8 6
5 35 45 65 68 10 70 60
21 27 7 87 44 50 55 26
65 25 26 16 44 57 81 57
7 9 3 6
35 14 51 51 5 87 18 69 98
10 75 9 78 82 34 61 74 5
62 87 93 70 2 97 38 11 45
27 31 44 7 23 30 31 31 7
35 83 55 43 10 34 93 73 45
89 10 30 96 12 8 20 40 66
34 42 27 27 40 33 8 17 81
88 5 75 87 23 4 12 22 67
66 99 28 58 53 23 63 60 10
8 10 45 76
39 75 57 85 55 23 18 61 90 63
30 100 54 98 46 36 22 62 65 53
94 59 0 52 70 64 34 51 72 2
38 71 5 36 57 64 55 91 85 55
50 19 10 94 75 60 99 64 11 91
27 32 3 46 91 16 71 20 56 53
78 12 80 44 15 56 89 57 19 82
41 78 82 98 69 52 79 79 74 43
10 35 83 57 84 16 70 49 53 40
46 75 7 0 7 82 21 36 17 70
8 1 25 81
8
8
0
70
17
80
4
43
87
69
8 2 32 89
100 83
98 85
36 83
83 72
43 2
86 8
69 70
91 20
93 64
39 51
8 3 30 25
38 6 77
37 45 39
64 86 55
72 7 13
78 95 80
66 60 46
62 96 80
5 43 35
99 66 85
85 98 71
8 4 35 18
83 67 64 77
76 50 65 100
15 70 90 23
28 62 33 37
40 74 7 81
75 82 80 92
86 99 88 53
66 77 73 73
9 72 83 85
98 82 76 0
8 5 91 97
1 1 7 4 72
12 16 7 14 36
88 57 47 94 50
93 68 42 64 49
14 53 4 97 36
4 97 86 28 82
92 63 19 1 12
98 22 42 95 26
40 40 30 3 2
43 35 79 88 20
8 6 78 56
3 86 44 35 84 100
71 89 94 64 8 26
80 58 83 93 53 90
87 30 77 98 72 11
8 22 55 80 26 89
83 0 44 36 48 66
68 3 27 12 31 9
71 64 44 15 59 28
27 62 66 23 0 84
91 83 1 27 85 97
8 7 86 22
72 4 25 71 70 72 90
57 100 23 66 59 15 84
94 88 14 82 10 7 21
20 4 37 83 19 55 31
29 72 48 12 84 28 80
61 58 49 23 47 80 74
57 45 96 47 37 84 53
1 29 37 64 78 14 66
7 82 48 29 29 79 87
91 41 60 19 20 86 26
8 8 68 70
86 100 98 49 16 14 100 64
100 47 100 97 70 38 28 47
50 9 98 57 5 41 94 54
58 37 11 82 55 64 70 69
20 92 53 38 9 52 27 17
8 52 88 89 24 72 39 18
100 90 44 89 59 11 36 91
71 98 75 73 21 70 43 54
71 91 47 36 30 76 53 96
63 41 33 27 20 5 31 46
8 9 35 16
2 0 0 50 3 4 22 14 22
72 0 35 1 0 9 0 0 0
87 39 10 61 6 80 30 90 32
41 96 31 15 89 18 46 5 80
71 9 19 11 66 14 43 68 68
15 76 37 4 22 13 38 53 23
46 1 67 82 78 96 36 16 7
97 22 32 32 21 67 12 80 13
23 53 68 72 94 79 69 36 85
87 68 77 62 99 74 8 14 51
9 10 79 68
98 100 100 81 100 100 55 100 100 100
100 100 100 85 100 65 100 84 100 100
52 67 96 78 59 57 35 55 25 24
44 34 82 30 59 77 52 68 54 25
59 98 99 8 45 44 81 65 31 77
26 37 70 56 94 76 98 55 74 94
38 77 54 48 80 28 23 97 15 19
67 89 83 94 10 32 5 63 100 21
96 23 79 3 83 40 0 96 85 89
60 98 18 21 80 57 74 73 20 93
5 93 38 27 3 65 71 47 87 33
9 1 100 83
6
6
4
23
30
2
11
74
92
56
24
9 2 62 75
53 100
86 67
62 35
11 37
5 45
7 33
17 54
98 61
39 80
67 12
79 55
9 3 14 55
23 100 69
91 99 2
65 37 25
66 34 81
71 42 83
82 39 44
54 25 22
17 3 32
79 69 78
22 98 79
63 64 40
9 4 100 94
100 72 83 77
100 98 100 34
48 21 79 25
76 61 88 69
39 16 69 72
18 87 42 15
1 62 83 100
34 95 48 92
21 92 18 90
49 38 89 50
62 54 11 0
9 5 91 82
100 85 100 71 100
98 100 70 88 100
13 95 92 79 11
32 86 99 72 53
84 20 65 66 9
41 86 86 71 20
66 65 64 37 25
26 79 22 63 99
12 4 89 51 7
64 63 1 80 70
33 94 42 4 74
9 6 72 46
100 100 100 78 78 68
100 100 59 85 100 80
92 74 22 90 8 92
13 67 13 57 73 78
7 80 20 60 45 14
73 57 99 18 84 51
86 51 50 23 42 19
65 99 61 97 93 73
38 96 20 66 6 78
83 5 48 75 8 46
45 80 89 73 77 73
9 7 87 79
63 17 55 22 33 19 84
100 12 7 9 21 88 56
58 1 93 64 36 15 55
59 92 3 90 84 88 37
29 70 34 39 33 45 79
47 70 94 67 79 44 15
97 11 34 55 79 74 92
96 68 43 86 44 21 63
7 91 98 83 30 42 51
84 17 16 96 87 64 10
24 19 18 6 16 87 81
9 8 14 53
51 2 24 56 93 30 54 95
55 57 35 89 78 44 35 12
80 72 53 98 52 95 65 19
10 57 55 10 42 35 86 0
12 69 96 74 87 33 79 69
11 58 74 98 67 82 55 72
71 14 33 55 84 78 41 48
62 98 35 8 54 10 94 44
8 29 49 3 76 34 36 81
45 34 55 61 33 66 73 39
65 18 35 40 92 93 37 68
9 9 54 93
2 3 0 98 0 2 0 0 0
1 1 1 0 21 2 0 36 43
97 87 45 10 21 46 29 52 62
80 67 73 13 42 69 7 19 57
9 61 77 74 97 13 17 52 92
38 71 19 71 13 94 41 14 17
68 66 94 0 24 67 49 60 20
10 28 28 22 35 82 23 40 35
52 33 56 0 13 73 89 61 16
51 91 31 62 56 4 52 14 81
39 66 94 69 73 78 45 39 52
10 10 46 52
100 100 100 72 94 100 100 100 100 100
100 100 87 89 98 92 100 100 100 100
10 84 11 6 47 11 29 18 75 10
56 95 97 25 14 72 33 83 19 5
45 40 40 67 17 52 82 22 6 67
42 23 82 6 43 24 71 90 41 14
36 55 5 28 34 45 60 46 90 52
68 47 98 0 34 90 80 24 10 59
94 26 23 19 51 36 76 23 70 76
2 62 10 11 46 72 3 24 54 24
96 3 54 85 12 36 3 2 99 92
38 47 22 40 89 14 25 35 23 15
